play_id,sequence_number,type,description,away_score,home_score,period,clock,scoring_play,team_id,timestamp_utc
6501011_1,1,Evan Otten vs Veljko Ilic (Sam Houston gains possession),Evan Otten vs Veljko Ilic (Sam Houston gains possession),0,0,1,20:00,False,0,2025-12-03T23:12:52.323132
6501011_2,2,2 Pointer by Sam Houston's Martin Kheil,2 Pointer by Sam Houston's Martin Kheil,0,2,1,19:34,False,1322,2025-12-03T23:12:52.323171
6501011_3,3,Layup by Idaho St.'s Kashie Natt,Layup by Idaho St.'s Kashie Natt,2,2,1,19:19,False,65,2025-12-03T23:12:52.323180
6501011_4,4,Assist by Idaho St.'s Justin Begg,Assist by Idaho St.'s Justin Begg,2,2,1,19:19,False,65,2025-12-03T23:12:52.323188
6501011_5,5,Personal Foul on Sam Houston's Cheikh Sow (Kashie Natt draws the foul),Personal Foul on Sam Houston's Cheikh Sow (Kashie Natt draws the foul),2,2,1,19:19,False,1322,2025-12-03T23:12:52.323196
6501011_6,6,Free Throw  by Idaho St.'s Kashie Natt,Free Throw  by Idaho St.'s Kashie Natt,3,2,1,19:19,False,65,2025-12-03T23:12:52.323203
6501011_7,7,Personal Foul on Idaho St.'s Veljko Ilic (Jamison Guerra draws the foul),Personal Foul on Idaho St.'s Veljko Ilic (Jamison Guerra draws the foul),3,2,1,19:05,False,65,2025-12-03T23:12:52.323211
6501011_8,8,Turnover by Sam Houston [shot clock violation],Turnover by Sam Houston [shot clock violation],3,2,1,18:44,False,1322,2025-12-03T23:12:52.323217
6501011_9,9,Turnover by Idaho St. 's Po'Boigh King,Turnover by Idaho St. 's Po'Boigh King,3,2,1,18:33,False,65,2025-12-03T23:12:52.323224
6501011_10,10,Subbing out for Sam Houston-Evan Otten,Subbing out for Sam Houston-Evan Otten,3,2,1,18:33,False,1322,2025-12-03T23:12:52.323232
6501011_11,11,Subbing in for Sam Houston-Caleb Van De Griend,Subbing in for Sam Houston-Caleb Van De Griend,3,2,1,18:33,False,1322,2025-12-03T23:12:52.323239
6501011_12,12,Jumper MISSED by Sam Houston's Caleb Van De Griend,Jumper MISSED by Sam Houston's Caleb Van De Griend,3,2,1,18:24,False,1322,2025-12-03T23:12:52.323247
6501011_13,13,Offensive rebound by Sam Houston's Jamison Guerra,Offensive rebound by Sam Houston's Jamison Guerra,3,2,1,18:19,False,1322,2025-12-03T23:12:52.323254
6501011_14,14,Turnover by Sam Houston 's Jamison Guerra,Turnover by Sam Houston 's Jamison Guerra,3,2,1,18:06,False,1322,2025-12-03T23:12:52.323260
6501011_15,15,Steal by Idaho St.'s Damon Nicholas Jr.,Steal by Idaho St.'s Damon Nicholas Jr.,3,2,1,18:06,False,65,2025-12-03T23:12:52.323266
6501011_16,16,2 Pointer MISSED by Idaho St.'s Damon Nicholas Jr.,2 Pointer MISSED by Idaho St.'s Damon Nicholas Jr.,3,2,1,17:58,False,65,2025-12-03T23:12:52.323273
6501011_17,17,Offensive rebound by Idaho St.'s Kashie Natt,Offensive rebound by Idaho St.'s Kashie Natt,3,2,1,17:54,False,65,2025-12-03T23:12:52.323280
6501011_18,18,Layup by Idaho St.'s Kashie Natt,Layup by Idaho St.'s Kashie Natt,5,2,1,17:53,False,65,2025-12-03T23:12:52.323286
6501011_19,19,Jumper MISSED by Sam Houston's Cheikh Sow,Jumper MISSED by Sam Houston's Cheikh Sow,5,2,1,17:39,False,1322,2025-12-03T23:12:52.323293
6501011_20,20,Defensive rebound by Idaho St.'s Veljko Ilic,Defensive rebound by Idaho St.'s Veljko Ilic,5,2,1,17:34,False,65,2025-12-03T23:12:52.323300
6501011_21,21,Turnover by Idaho St. 's Kashie Natt,Turnover by Idaho St. 's Kashie Natt,5,2,1,17:28,False,65,2025-12-03T23:12:52.323307
6501011_22,22,Steal by Sam Houston's Jamison Guerra,Steal by Sam Houston's Jamison Guerra,5,2,1,17:28,False,1322,2025-12-03T23:12:52.323313
6501011_23,23,Personal Foul on Idaho St.'s Po'Boigh King (Connor Hollenbeck draws the foul),Personal Foul on Idaho St.'s Po'Boigh King (Connor Hollenbeck draws the foul),5,2,1,17:24,False,65,2025-12-03T23:12:52.323320
6501011_24,24,Subbing out for Idaho St.-Veljko Ilic,Subbing out for Idaho St.-Veljko Ilic,5,2,1,17:24,False,65,2025-12-03T23:12:52.323328
6501011_25,25,Subbing in for Idaho St.-Jaxson Ford,Subbing in for Idaho St.-Jaxson Ford,5,2,1,17:24,False,65,2025-12-03T23:12:52.323335
6501011_26,26,Jumper MISSED by Sam Houston's Connor Hollenbeck,Jumper MISSED by Sam Houston's Connor Hollenbeck,5,2,1,17:07,False,1322,2025-12-03T23:12:52.323342
6501011_27,27,Defensive rebound by Idaho St.'s Kashie Natt,Defensive rebound by Idaho St.'s Kashie Natt,5,2,1,17:03,False,65,2025-12-03T23:12:52.323349
6501011_28,28,Subbing out for Sam Houston-Cheikh Sow,Subbing out for Sam Houston-Cheikh Sow,5,2,1,16:46,False,1322,2025-12-03T23:12:52.323357
6501011_29,29,Subbing in for Sam Houston-Lachlan Brewer,Subbing in for Sam Houston-Lachlan Brewer,5,2,1,16:46,False,1322,2025-12-03T23:12:52.323364
6501011_30,30,Subbing out for Idaho St.-Kashie Natt,Subbing out for Idaho St.-Kashie Natt,5,2,1,16:46,False,65,2025-12-03T23:12:52.323371
6501011_31,31,Subbing out for Idaho St.-Damon Nicholas Jr.,Subbing out for Idaho St.-Damon Nicholas Jr.,5,2,1,16:46,False,65,2025-12-03T23:12:52.323378
6501011_32,32,Subbing in for Idaho St.-Jacobe Coleman,Subbing in for Idaho St.-Jacobe Coleman,5,2,1,16:46,False,65,2025-12-03T23:12:52.323385
6501011_33,33,Subbing in for Idaho St.-Isaiah Manning,Subbing in for Idaho St.-Isaiah Manning,5,2,1,16:46,False,65,2025-12-03T23:12:52.323393
6501011_34,34,Jumper MISSED by Idaho St.'s Justin Begg,Jumper MISSED by Idaho St.'s Justin Begg,5,2,1,16:38,False,65,2025-12-03T23:12:52.323400
6501011_35,35,Defensive rebound by Sam Houston's Caleb Van De Griend,Defensive rebound by Sam Houston's Caleb Van De Griend,5,2,1,16:34,False,1322,2025-12-03T23:12:52.323408
6501011_36,36,Layup MISSED by Sam Houston's Caleb Van De Griend,Layup MISSED by Sam Houston's Caleb Van De Griend,5,2,1,16:20,False,1322,2025-12-03T23:12:52.323415
6501011_37,37,Offensive rebound by Sam Houston's Lachlan Brewer,Offensive rebound by Sam Houston's Lachlan Brewer,5,2,1,16:19,False,1322,2025-12-03T23:12:52.323422
6501011_38,38,Personal Foul on Idaho St.'s Jacobe Coleman (Jamison Guerra draws the foul),Personal Foul on Idaho St.'s Jacobe Coleman (Jamison Guerra draws the foul),5,2,1,16:19,False,65,2025-12-03T23:12:52.323429
6501011_39,39,Personal Foul on Idaho St.'s Jaxson Ford (Caleb Van De Griend draws the foul),Personal Foul on Idaho St.'s Jaxson Ford (Caleb Van De Griend draws the foul),5,2,1,16:16,False,65,2025-12-03T23:12:52.323436
6501011_40,40,2 Pointer MISSED by Sam Houston's Caleb Van De Griend,2 Pointer MISSED by Sam Houston's Caleb Van De Griend,5,2,1,16:09,False,1322,2025-12-03T23:12:52.323443
6501011_41,41,Defensive rebound by Idaho St.'s Jacobe Coleman,Defensive rebound by Idaho St.'s Jacobe Coleman,5,2,1,16:03,False,65,2025-12-03T23:12:52.323450
6501011_42,42,Jumper MISSED by Idaho St.'s Jacobe Coleman,Jumper MISSED by Idaho St.'s Jacobe Coleman,5,2,1,16:01,False,65,2025-12-03T23:12:52.323458
6501011_43,43,Offensive rebound by Idaho St.'s Po'Boigh King,Offensive rebound by Idaho St.'s Po'Boigh King,5,2,1,15:57,False,65,2025-12-03T23:12:52.323464
6501011_44,44,Jumper by Idaho St.'s Jaxson Ford,Jumper by Idaho St.'s Jaxson Ford,7,2,1,15:56,False,65,2025-12-03T23:12:52.323471
6501011_45,45,Personal Foul on Sam Houston's Caleb Van De Griend (Jaxson Ford draws the foul),Personal Foul on Sam Houston's Caleb Van De Griend (Jaxson Ford draws the foul),7,2,1,15:55,False,1322,2025-12-03T23:12:52.323478
6501011_46,46,Commercial time out.,Commercial time out.,7,2,1,15:55,False,0,2025-12-03T23:12:52.323485
6501011_47,47,Subbing out for Sam Houston-Jamison Guerra,Subbing out for Sam Houston-Jamison Guerra,7,2,1,15:55,False,1322,2025-12-03T23:12:52.323491
6501011_48,48,Subbing in for Sam Houston-Gus Etchison,Subbing in for Sam Houston-Gus Etchison,7,2,1,15:55,False,1322,2025-12-03T23:12:52.323498
6501011_49,49,Free Throw  by Idaho St.'s Jaxson Ford,Free Throw  by Idaho St.'s Jaxson Ford,8,2,1,15:55,False,65,2025-12-03T23:12:52.323505
6501011_50,50,Jumper by Sam Houston's Lachlan Brewer,Jumper by Sam Houston's Lachlan Brewer,8,4,1,15:26,False,1322,2025-12-03T23:12:52.323513
6501011_51,51,2 Pointer MISSED by Idaho St.'s Justin Begg,2 Pointer MISSED by Idaho St.'s Justin Begg,8,4,1,15:03,False,65,2025-12-03T23:12:52.323520
6501011_52,52,Defensive rebound by Sam Houston's Caleb Van De Griend,Defensive rebound by Sam Houston's Caleb Van De Griend,8,4,1,14:58,False,1322,2025-12-03T23:12:52.323527
6501011_53,53,Jumper MISSED by Sam Houston's Connor Hollenbeck,Jumper MISSED by Sam Houston's Connor Hollenbeck,8,4,1,14:51,False,1322,2025-12-03T23:12:52.323534
6501011_54,54,Offensive rebound by Sam Houston's Caleb Van De Griend,Offensive rebound by Sam Houston's Caleb Van De Griend,8,4,1,14:46,False,1322,2025-12-03T23:12:52.323542
6501011_55,55,Layup MISSED by Sam Houston's Caleb Van De Griend,Layup MISSED by Sam Houston's Caleb Van De Griend,8,4,1,14:45,False,1322,2025-12-03T23:12:52.323548
6501011_56,56,Offensive rebound by Sam Houston's Caleb Van De Griend,Offensive rebound by Sam Houston's Caleb Van De Griend,8,4,1,14:41,False,1322,2025-12-03T23:12:52.323555
6501011_57,57,Layup by Sam Houston's Caleb Van De Griend,Layup by Sam Houston's Caleb Van De Griend,8,6,1,14:40,False,1322,2025-12-03T23:12:52.323562
6501011_58,58,Jumper MISSED by Idaho St.'s Jacobe Coleman,Jumper MISSED by Idaho St.'s Jacobe Coleman,8,6,1,14:27,False,65,2025-12-03T23:12:52.323569
6501011_59,59,Defensive rebound by Sam Houston's Caleb Van De Griend,Defensive rebound by Sam Houston's Caleb Van De Griend,8,6,1,14:22,False,1322,2025-12-03T23:12:52.323574
6501011_60,60,Turnover by Sam Houston 's Gus Etchison,Turnover by Sam Houston 's Gus Etchison,8,6,1,14:16,False,1322,2025-12-03T23:12:52.323581
6501011_61,61,Steal by Idaho St.'s Jacobe Coleman,Steal by Idaho St.'s Jacobe Coleman,8,6,1,14:16,False,65,2025-12-03T23:12:52.323588
6501011_62,62,Slam Dunk by Idaho St.'s Jacobe Coleman,Slam Dunk by Idaho St.'s Jacobe Coleman,10,6,1,14:10,True,65,2025-12-03T23:12:52.323594
6501011_63,63,Personal Foul on Idaho St.'s Isaiah Manning (Caleb Van De Griend draws the foul),Personal Foul on Idaho St.'s Isaiah Manning (Caleb Van De Griend draws the foul),10,6,1,13:47,False,65,2025-12-03T23:12:52.323602
6501011_64,64,Free Throw  by Sam Houston's Caleb Van De Griend,Free Throw  by Sam Houston's Caleb Van De Griend,10,7,1,13:47,False,1322,2025-12-03T23:12:52.323609
6501011_65,65,Subbing out for Sam Houston-Gus Etchison,Subbing out for Sam Houston-Gus Etchison,10,7,1,13:47,False,1322,2025-12-03T23:12:52.323616
6501011_66,66,Subbing out for Sam Houston-Connor Hollenbeck,Subbing out for Sam Houston-Connor Hollenbeck,10,7,1,13:47,False,1322,2025-12-03T23:12:52.323624
6501011_67,67,Subbing in for Sam Houston-Jamison Guerra,Subbing in for Sam Houston-Jamison Guerra,10,7,1,13:47,False,1322,2025-12-03T23:12:52.323631
6501011_68,68,Subbing in for Sam Houston-Cheikh Sow,Subbing in for Sam Houston-Cheikh Sow,10,7,1,13:47,False,1322,2025-12-03T23:12:52.323638
6501011_69,69,Subbing out for Idaho St.-Justin Begg,Subbing out for Idaho St.-Justin Begg,10,7,1,13:47,False,65,2025-12-03T23:12:52.323645
6501011_70,70,Subbing out for Idaho St.-Jaxson Ford,Subbing out for Idaho St.-Jaxson Ford,10,7,1,13:47,False,65,2025-12-03T23:12:52.323653
6501011_71,71,Subbing out for Idaho St.-Po'Boigh King,Subbing out for Idaho St.-Po'Boigh King,10,7,1,13:47,False,65,2025-12-03T23:12:52.323659
6501011_72,72,Subbing in for Idaho St.-Veljko Ilic,Subbing in for Idaho St.-Veljko Ilic,10,7,1,13:47,False,65,2025-12-03T23:12:52.323666
6501011_73,73,Subbing in for Idaho St.-Damon Nicholas Jr.,Subbing in for Idaho St.-Damon Nicholas Jr.,10,7,1,13:47,False,65,2025-12-03T23:12:52.323672
6501011_74,74,Subbing in for Idaho St.-Jacob Walker,Subbing in for Idaho St.-Jacob Walker,10,7,1,13:47,False,65,2025-12-03T23:12:52.323680
6501011_75,75,Free Throw MISSED  by Sam Houston's Caleb Van De Griend,Free Throw MISSED  by Sam Houston's Caleb Van De Griend,10,7,1,13:47,False,1322,2025-12-03T23:12:52.323686
6501011_76,76,Offensive rebound by Sam Houston's Sam Houston,Offensive rebound by Sam Houston's Sam Houston,10,7,1,13:47,False,1322,2025-12-03T23:12:52.323694
6501011_77,77,Jumper MISSED by Sam Houston's Martin Kheil,Jumper MISSED by Sam Houston's Martin Kheil,10,7,1,13:45,False,1322,2025-12-03T23:12:52.323701
6501011_78,78,Offensive rebound by Sam Houston's Cheikh Sow,Offensive rebound by Sam Houston's Cheikh Sow,10,7,1,13:41,False,1322,2025-12-03T23:12:52.323709
6501011_79,79,Jumper MISSED by Sam Houston's Caleb Van De Griend,Jumper MISSED by Sam Houston's Caleb Van De Griend,10,7,1,13:31,False,1322,2025-12-03T23:12:52.323716
6501011_80,80,Defensive rebound by Idaho St.'s Jacob Walker,Defensive rebound by Idaho St.'s Jacob Walker,10,7,1,13:26,False,65,2025-12-03T23:12:52.323723
6501011_81,81,Turnover by Idaho St. 's Isaiah Manning,Turnover by Idaho St. 's Isaiah Manning,10,7,1,13:24,False,65,2025-12-03T23:12:52.323730
6501011_82,82,Subbing out for Idaho St.-Isaiah Manning,Subbing out for Idaho St.-Isaiah Manning,10,7,1,13:24,False,65,2025-12-03T23:12:52.323737
6501011_83,83,Subbing in for Idaho St.-Kashie Natt,Subbing in for Idaho St.-Kashie Natt,10,7,1,13:24,False,65,2025-12-03T23:12:52.323743
6501011_84,84,Turnover by Sam Houston 's Lachlan Brewer,Turnover by Sam Houston 's Lachlan Brewer,10,7,1,12:58,False,1322,2025-12-03T23:12:52.323750
6501011_85,85,Steal by Idaho St.'s Veljko Ilic,Steal by Idaho St.'s Veljko Ilic,10,7,1,12:58,False,65,2025-12-03T23:12:52.323757
6501011_86,86,2 Pointer MISSED by Idaho St.'s Veljko Ilic,2 Pointer MISSED by Idaho St.'s Veljko Ilic,10,7,1,12:51,False,65,2025-12-03T23:12:52.323764
6501011_87,87,Defensive rebound by Sam Houston's Caleb Van De Griend,Defensive rebound by Sam Houston's Caleb Van De Griend,10,7,1,12:46,False,1322,2025-12-03T23:12:52.323771
6501011_88,88,Turnover by Sam Houston 's Jamison Guerra,Turnover by Sam Houston 's Jamison Guerra,10,7,1,12:37,False,1322,2025-12-03T23:12:52.323777
6501011_89,89,Steal by Idaho St.'s Jacobe Coleman,Steal by Idaho St.'s Jacobe Coleman,10,7,1,12:37,False,65,2025-12-03T23:12:52.323784
6501011_90,90,2 Pointer MISSED by Idaho St.'s Kashie Natt,2 Pointer MISSED by Idaho St.'s Kashie Natt,10,7,1,12:26,False,65,2025-12-03T23:12:52.323791
6501011_91,91,Defensive rebound by Sam Houston's Caleb Van De Griend,Defensive rebound by Sam Houston's Caleb Van De Griend,10,7,1,12:21,False,1322,2025-12-03T23:12:52.323798
6501011_92,92,Turnover by Sam Houston 's Cheikh Sow,Turnover by Sam Houston 's Cheikh Sow,10,7,1,12:07,False,1322,2025-12-03T23:12:52.323806
6501011_93,93,Steal by Idaho St.'s Jacobe Coleman,Steal by Idaho St.'s Jacobe Coleman,10,7,1,12:07,False,65,2025-12-03T23:12:52.323812
6501011_94,94,2 Pointer by Idaho St.'s Jacobe Coleman,2 Pointer by Idaho St.'s Jacobe Coleman,12,7,1,12:02,False,65,2025-12-03T23:12:52.323828
6501011_95,95,2 Pointer by Sam Houston's Jamison Guerra,2 Pointer by Sam Houston's Jamison Guerra,12,9,1,11:42,False,1322,2025-12-03T23:12:52.323836
6501011_96,96,2 Pointer by Idaho St.'s Veljko Ilic,2 Pointer by Idaho St.'s Veljko Ilic,14,9,1,11:19,False,65,2025-12-03T23:12:52.323843
6501011_97,97,Jumper MISSED by Sam Houston's Martin Kheil,Jumper MISSED by Sam Houston's Martin Kheil,14,9,1,10:57,False,1322,2025-12-03T23:12:52.323850
6501011_98,98,Defensive rebound by Idaho St.'s Veljko Ilic,Defensive rebound by Idaho St.'s Veljko Ilic,14,9,1,10:52,False,65,2025-12-03T23:12:52.323856
6501011_99,99,Layup MISSED by Idaho St.'s Jacob Walker,Layup MISSED by Idaho St.'s Jacob Walker,14,9,1,10:45,False,65,2025-12-03T23:12:52.323863
6501011_100,100,Defensive rebound by Sam Houston's Sam Houston,Defensive rebound by Sam Houston's Sam Houston,14,9,1,10:45,False,1322,2025-12-03T23:12:52.323871
6501011_101,101,Commercial time out.,Commercial time out.,14,9,1,10:45,False,0,2025-12-03T23:12:52.323878
6501011_102,102,Subbing out for Sam Houston-Martin Kheil,Subbing out for Sam Houston-Martin Kheil,14,9,1,10:45,False,1322,2025-12-03T23:12:52.323884
6501011_103,103,Subbing out for Sam Houston-Caleb Van De Griend,Subbing out for Sam Houston-Caleb Van De Griend,14,9,1,10:45,False,1322,2025-12-03T23:12:52.323891
6501011_104,104,Subbing in for Sam Houston-Connor Hollenbeck,Subbing in for Sam Houston-Connor Hollenbeck,14,9,1,10:45,False,1322,2025-12-03T23:12:52.323897
6501011_105,105,Subbing in for Sam Houston-Evan Otten,Subbing in for Sam Houston-Evan Otten,14,9,1,10:45,False,1322,2025-12-03T23:12:52.323904
6501011_106,106,Subbing out for Idaho St.-Jacobe Coleman,Subbing out for Idaho St.-Jacobe Coleman,14,9,1,10:45,False,65,2025-12-03T23:12:52.323911
6501011_107,107,Subbing out for Idaho St.-Kashie Natt,Subbing out for Idaho St.-Kashie Natt,14,9,1,10:45,False,65,2025-12-03T23:12:52.323918
6501011_108,108,Subbing in for Idaho St.-CJ Beaumont,Subbing in for Idaho St.-CJ Beaumont,14,9,1,10:45,False,65,2025-12-03T23:12:52.323925
6501011_109,109,Subbing in for Idaho St.-Justin Begg,Subbing in for Idaho St.-Justin Begg,14,9,1,10:45,False,65,2025-12-03T23:12:52.323932
6501011_110,110,Layup by Sam Houston's Connor Hollenbeck,Layup by Sam Houston's Connor Hollenbeck,14,11,1,10:32,False,1322,2025-12-03T23:12:52.323991
6501011_111,111,Assist by Sam Houston's Jamison Guerra,Assist by Sam Houston's Jamison Guerra,14,11,1,10:32,False,1322,2025-12-03T23:12:52.323998
6501011_112,112,Turnover by Idaho St. 's Justin Begg,Turnover by Idaho St. 's Justin Begg,14,11,1,10:22,False,65,2025-12-03T23:12:52.324004
6501011_113,113,Steal by Sam Houston's Lachlan Brewer,Steal by Sam Houston's Lachlan Brewer,14,11,1,10:22,False,1322,2025-12-03T23:12:52.324010
6501011_114,114,Turnover by Sam Houston 's Evan Otten,Turnover by Sam Houston 's Evan Otten,14,11,1,09:56,False,1322,2025-12-03T23:12:52.324016
6501011_115,115,Steal by Idaho St.'s Jacob Walker,Steal by Idaho St.'s Jacob Walker,14,11,1,09:56,False,65,2025-12-03T23:12:52.324022
6501011_116,116,Personal Foul on Sam Houston's Connor Hollenbeck (Justin Begg draws the foul),Personal Foul on Sam Houston's Connor Hollenbeck (Justin Begg draws the foul),14,11,1,09:41,False,1322,2025-12-03T23:12:52.324028
6501011_117,117,Subbing out for Idaho St.-Jacob Walker,Subbing out for Idaho St.-Jacob Walker,14,11,1,09:41,False,65,2025-12-03T23:12:52.324035
6501011_118,118,Subbing in for Idaho St.-Po'Boigh King,Subbing in for Idaho St.-Po'Boigh King,14,11,1,09:41,False,65,2025-12-03T23:12:52.324040
6501011_119,119,Jumper MISSED by Idaho St.'s Po'Boigh King,Jumper MISSED by Idaho St.'s Po'Boigh King,14,11,1,09:38,False,65,2025-12-03T23:12:52.324047
6501011_120,120,Defensive rebound by Sam Houston's Sam Houston,Defensive rebound by Sam Houston's Sam Houston,14,11,1,09:32,False,1322,2025-12-03T23:12:52.324054
6501011_121,121,Subbing out for Sam Houston-Lachlan Brewer,Subbing out for Sam Houston-Lachlan Brewer,14,11,1,09:28,False,1322,2025-12-03T23:12:52.324060
6501011_122,122,Subbing out for Sam Houston-Evan Otten,Subbing out for Sam Houston-Evan Otten,14,11,1,09:28,False,1322,2025-12-03T23:12:52.324066
6501011_123,123,Subbing in for Sam Houston-Martin Kheil,Subbing in for Sam Houston-Martin Kheil,14,11,1,09:28,False,1322,2025-12-03T23:12:52.324073
6501011_124,124,Subbing in for Sam Houston-Caleb Van De Griend,Subbing in for Sam Houston-Caleb Van De Griend,14,11,1,09:28,False,1322,2025-12-03T23:12:52.324079
6501011_125,125,Subbing out for Idaho St.-Veljko Ilic,Subbing out for Idaho St.-Veljko Ilic,14,11,1,09:28,False,65,2025-12-03T23:12:52.324085
6501011_126,126,Subbing in for Idaho St.-Jaxson Ford,Subbing in for Idaho St.-Jaxson Ford,14,11,1,09:28,False,65,2025-12-03T23:12:52.324091
6501011_127,127,Turnover by Sam Houston 's Jamison Guerra,Turnover by Sam Houston 's Jamison Guerra,14,11,1,09:16,False,1322,2025-12-03T23:12:52.324097
6501011_128,128,Steal by Idaho St.'s Damon Nicholas Jr.,Steal by Idaho St.'s Damon Nicholas Jr.,14,11,1,09:16,False,65,2025-12-03T23:12:52.324103
6501011_129,129,Layup MISSED by Idaho St.'s Damon Nicholas Jr.,Layup MISSED by Idaho St.'s Damon Nicholas Jr.,14,11,1,09:12,False,65,2025-12-03T23:12:52.324109
6501011_130,130,Sam Houston gets a rebound from a dead ball.,Sam Houston gets a rebound from a dead ball.,14,11,1,09:12,False,1322,2025-12-03T23:12:52.324116
6501011_131,131,Personal Foul on Idaho St.'s CJ Beaumont (Caleb Van De Griend draws the foul),Personal Foul on Idaho St.'s CJ Beaumont (Caleb Van De Griend draws the foul),14,11,1,09:12,False,65,2025-12-03T23:12:52.324123
6501011_132,132,Personal Foul on Idaho St.'s Jaxson Ford (Jamison Guerra draws the foul),Personal Foul on Idaho St.'s Jaxson Ford (Jamison Guerra draws the foul),14,11,1,08:54,False,65,2025-12-03T23:12:52.324130
6501011_133,133,Free Throw  by Sam Houston's Jamison Guerra,Free Throw  by Sam Houston's Jamison Guerra,14,12,1,08:54,False,1322,2025-12-03T23:12:52.324137
6501011_134,134,Subbing out for Idaho St.-Jaxson Ford,Subbing out for Idaho St.-Jaxson Ford,14,12,1,08:54,False,65,2025-12-03T23:12:52.324144
6501011_135,135,Subbing in for Idaho St.-Matt Dann,Subbing in for Idaho St.-Matt Dann,14,12,1,08:54,False,65,2025-12-03T23:12:52.324150
6501011_136,136,Free Throw  by Sam Houston's Jamison Guerra,Free Throw  by Sam Houston's Jamison Guerra,14,13,1,08:54,False,1322,2025-12-03T23:12:52.324157
6501011_137,137,Subbing out for Sam Houston-Connor Hollenbeck,Subbing out for Sam Houston-Connor Hollenbeck,14,13,1,08:54,False,1322,2025-12-03T23:12:52.324162
6501011_138,138,Subbing out for Sam Houston-Caleb Van De Griend,Subbing out for Sam Houston-Caleb Van De Griend,14,13,1,08:54,False,1322,2025-12-03T23:12:52.324168
6501011_139,139,Subbing in for Sam Houston-Lachlan Brewer,Subbing in for Sam Houston-Lachlan Brewer,14,13,1,08:54,False,1322,2025-12-03T23:12:52.324175
6501011_140,140,Subbing in for Sam Houston-Evan Otten,Subbing in for Sam Houston-Evan Otten,14,13,1,08:54,False,1322,2025-12-03T23:12:52.324181
6501011_141,141,Turnover by Idaho St. 's Matt Dann,Turnover by Idaho St. 's Matt Dann,14,13,1,08:31,False,65,2025-12-03T23:12:52.324188
6501011_142,142,Steal by Sam Houston's Jamison Guerra,Steal by Sam Houston's Jamison Guerra,14,13,1,08:31,False,1322,2025-12-03T23:12:52.324194
6501011_143,143,Jumper by Sam Houston's Martin Kheil,Jumper by Sam Houston's Martin Kheil,14,16,1,08:24,False,1322,2025-12-03T23:12:52.324200
6501011_144,144,Assist by Sam Houston's Jamison Guerra,Assist by Sam Houston's Jamison Guerra,14,16,1,08:24,False,1322,2025-12-03T23:12:52.324206
6501011_145,145,Jumper by Idaho St.'s Justin Begg,Jumper by Idaho St.'s Justin Begg,16,16,1,08:06,False,65,2025-12-03T23:12:52.324213
6501011_146,146,Assist by Idaho St.'s Matt Dann,Assist by Idaho St.'s Matt Dann,16,16,1,08:06,False,65,2025-12-03T23:12:52.324219
6501011_147,147,Jumper by Sam Houston's Martin Kheil,Jumper by Sam Houston's Martin Kheil,16,19,1,07:49,False,1322,2025-12-03T23:12:52.324225
6501011_148,148,Assist by Sam Houston's Jamison Guerra,Assist by Sam Houston's Jamison Guerra,16,19,1,07:49,False,1322,2025-12-03T23:12:52.324231
6501011_149,149,Idaho St. takes a [short] time out.,Idaho St. takes a [short] time out.,16,19,1,07:47,False,65,2025-12-03T23:12:52.324237
6501011_150,150,Commercial time out.,Commercial time out.,16,19,1,07:47,False,0,2025-12-03T23:12:52.324244
6501011_151,151,Subbing out for Sam Houston-Lachlan Brewer,Subbing out for Sam Houston-Lachlan Brewer,16,19,1,07:47,False,1322,2025-12-03T23:12:52.324250
6501011_152,152,Subbing in for Sam Houston-Connor Hollenbeck,Subbing in for Sam Houston-Connor Hollenbeck,16,19,1,07:47,False,1322,2025-12-03T23:12:52.324255
6501011_153,153,Subbing out for Idaho St.-CJ Beaumont,Subbing out for Idaho St.-CJ Beaumont,16,19,1,07:47,False,65,2025-12-03T23:12:52.324262
6501011_154,154,Subbing out for Idaho St.-Damon Nicholas Jr.,Subbing out for Idaho St.-Damon Nicholas Jr.,16,19,1,07:47,False,65,2025-12-03T23:12:52.324269
6501011_155,155,Subbing in for Idaho St.-Jacobe Coleman,Subbing in for Idaho St.-Jacobe Coleman,16,19,1,07:47,False,65,2025-12-03T23:12:52.324276
6501011_156,156,Subbing in for Idaho St.-Kashie Natt,Subbing in for Idaho St.-Kashie Natt,16,19,1,07:47,False,65,2025-12-03T23:12:52.324282
6501011_157,157,Personal Foul on Sam Houston's Evan Otten (Kashie Natt draws the foul),Personal Foul on Sam Houston's Evan Otten (Kashie Natt draws the foul),16,19,1,07:30,False,1322,2025-12-03T23:12:52.324289
6501011_158,158,Free Throw MISSED  by Idaho St.'s Kashie Natt,Free Throw MISSED  by Idaho St.'s Kashie Natt,16,19,1,07:30,False,65,2025-12-03T23:12:52.324296
6501011_159,159,Idaho St. gets a rebound from a dead ball.,Idaho St. gets a rebound from a dead ball.,16,19,1,07:30,False,65,2025-12-03T23:12:52.324303
6501011_160,160,Free Throw  by Idaho St.'s Kashie Natt,Free Throw  by Idaho St.'s Kashie Natt,17,19,1,07:30,False,65,2025-12-03T23:12:52.324310
6501011_161,161,Subbing out for Sam Houston-Evan Otten,Subbing out for Sam Houston-Evan Otten,17,19,1,07:30,False,1322,2025-12-03T23:12:52.324316
6501011_162,162,Subbing in for Sam Houston-Caleb Van De Griend,Subbing in for Sam Houston-Caleb Van De Griend,17,19,1,07:30,False,1322,2025-12-03T23:12:52.324323
6501011_163,163,Personal Foul on Idaho St.'s Kashie Natt (Cheikh Sow draws the foul),Personal Foul on Idaho St.'s Kashie Natt (Cheikh Sow draws the foul),17,19,1,07:11,False,65,2025-12-03T23:12:52.324330
6501011_164,164,Free Throw  by Sam Houston's Cheikh Sow,Free Throw  by Sam Houston's Cheikh Sow,17,20,1,07:11,False,1322,2025-12-03T23:12:52.324336
6501011_165,165,Free Throw  by Sam Houston's Cheikh Sow,Free Throw  by Sam Houston's Cheikh Sow,17,21,1,07:11,False,1322,2025-12-03T23:12:52.324343
6501011_166,166,Subbing out for Sam Houston-Cheikh Sow,Subbing out for Sam Houston-Cheikh Sow,17,21,1,07:11,False,1322,2025-12-03T23:12:52.324349
6501011_167,167,Subbing in for Sam Houston-Lachlan Brewer,Subbing in for Sam Houston-Lachlan Brewer,17,21,1,07:11,False,1322,2025-12-03T23:12:52.324356
6501011_168,168,Personal Foul on Sam Houston's Jamison Guerra (Justin Begg draws the foul),Personal Foul on Sam Houston's Jamison Guerra (Justin Begg draws the foul),17,21,1,06:56,False,1322,2025-12-03T23:12:52.324363
6501011_169,169,Free Throw  by Idaho St.'s Justin Begg,Free Throw  by Idaho St.'s Justin Begg,18,21,1,06:56,False,65,2025-12-03T23:12:52.324370
6501011_170,170,Free Throw MISSED  by Idaho St.'s Justin Begg,Free Throw MISSED  by Idaho St.'s Justin Begg,18,21,1,06:56,False,65,2025-12-03T23:12:52.324376
6501011_171,171,Idaho St. gets a rebound from a dead ball.,Idaho St. gets a rebound from a dead ball.,18,21,1,06:56,False,65,2025-12-03T23:12:52.324384
6501011_172,172,Subbing out for Idaho St.-Matt Dann,Subbing out for Idaho St.-Matt Dann,18,21,1,06:56,False,65,2025-12-03T23:12:52.324390
6501011_173,173,Subbing in for Idaho St.-Veljko Ilic,Subbing in for Idaho St.-Veljko Ilic,18,21,1,06:56,False,65,2025-12-03T23:12:52.324396
6501011_174,174,Free Throw  by Idaho St.'s Justin Begg,Free Throw  by Idaho St.'s Justin Begg,19,21,1,06:56,False,65,2025-12-03T23:12:52.324404
6501011_175,175,Turnover by Sam Houston 's Jamison Guerra,Turnover by Sam Houston 's Jamison Guerra,19,21,1,06:44,False,1322,2025-12-03T23:12:52.324411
6501011_176,176,Steal by Idaho St.'s Justin Begg,Steal by Idaho St.'s Justin Begg,19,21,1,06:44,False,65,2025-12-03T23:12:52.324418
6501011_177,177,Jumper by Idaho St.'s Jacobe Coleman,Jumper by Idaho St.'s Jacobe Coleman,22,21,1,06:37,False,65,2025-12-03T23:12:52.324424
6501011_178,178,Assist by Idaho St.'s Kashie Natt,Assist by Idaho St.'s Kashie Natt,22,21,1,06:37,False,65,2025-12-03T23:12:52.324431
6501011_179,179,Technical Foul on Idaho St.'s Jacobe Coleman,Technical Foul on Idaho St.'s Jacobe Coleman,22,21,1,06:36,False,65,2025-12-03T23:12:52.324438
6501011_180,180,Free Throw  by Sam Houston's Martin Kheil,Free Throw  by Sam Houston's Martin Kheil,22,22,1,06:36,False,1322,2025-12-03T23:12:52.324444
6501011_181,181,Free Throw  by Sam Houston's Martin Kheil,Free Throw  by Sam Houston's Martin Kheil,22,23,1,06:36,False,1322,2025-12-03T23:12:52.324451
6501011_182,182,Subbing out for Idaho St.-Jacobe Coleman,Subbing out for Idaho St.-Jacobe Coleman,22,23,1,06:36,False,65,2025-12-03T23:12:52.324458
6501011_183,183,Subbing in for Idaho St.-Damon Nicholas Jr.,Subbing in for Idaho St.-Damon Nicholas Jr.,22,23,1,06:36,False,65,2025-12-03T23:12:52.324465
6501011_184,184,Jumper MISSED by Sam Houston's Martin Kheil,Jumper MISSED by Sam Houston's Martin Kheil,22,23,1,06:25,False,1322,2025-12-03T23:12:52.324473
6501011_185,185,Defensive rebound by Idaho St.'s Veljko Ilic,Defensive rebound by Idaho St.'s Veljko Ilic,22,23,1,06:19,False,65,2025-12-03T23:12:52.324513
6501011_186,186,Personal Foul on Sam Houston's Jamison Guerra (Justin Begg draws the foul),Personal Foul on Sam Houston's Jamison Guerra (Justin Begg draws the foul),22,23,1,06:16,False,1322,2025-12-03T23:12:52.324535
6501011_187,187,Subbing out for Sam Houston-Jamison Guerra,Subbing out for Sam Houston-Jamison Guerra,22,23,1,06:16,False,1322,2025-12-03T23:12:52.324544
6501011_188,188,Subbing in for Sam Houston-Gus Etchison,Subbing in for Sam Houston-Gus Etchison,22,23,1,06:16,False,1322,2025-12-03T23:12:52.324551
6501011_189,189,Subbing out for Sam Houston-Caleb Van De Griend,Subbing out for Sam Houston-Caleb Van De Griend,22,23,1,06:16,False,1322,2025-12-03T23:12:52.324559
6501011_190,190,Subbing in for Sam Houston-Evan Otten,Subbing in for Sam Houston-Evan Otten,22,23,1,06:16,False,1322,2025-12-03T23:12:52.324566
6501011_191,191,Jumper MISSED by Idaho St.'s Kashie Natt,Jumper MISSED by Idaho St.'s Kashie Natt,22,23,1,06:05,False,65,2025-12-03T23:12:52.324574
6501011_192,192,Offensive rebound by Idaho St.'s Veljko Ilic,Offensive rebound by Idaho St.'s Veljko Ilic,22,23,1,06:00,False,65,2025-12-03T23:12:52.324581
6501011_193,193,Jumper by Idaho St.'s Po'Boigh King,Jumper by Idaho St.'s Po'Boigh King,25,23,1,05:59,False,65,2025-12-03T23:12:52.324588
6501011_194,194,Assist by Idaho St.'s Kashie Natt,Assist by Idaho St.'s Kashie Natt,25,23,1,05:59,False,65,2025-12-03T23:12:52.324594
6501011_195,195,Jumper by Sam Houston's Lachlan Brewer,Jumper by Sam Houston's Lachlan Brewer,25,25,1,05:41,False,1322,2025-12-03T23:12:52.324602
6501011_196,196,2 Pointer by Idaho St.'s Po'Boigh King,2 Pointer by Idaho St.'s Po'Boigh King,27,25,1,05:32,False,65,2025-12-03T23:12:52.324608
6501011_197,197,Jumper MISSED by Sam Houston's Gus Etchison,Jumper MISSED by Sam Houston's Gus Etchison,27,25,1,05:01,False,1322,2025-12-03T23:12:52.324614
6501011_198,198,Defensive rebound by Idaho St.'s Damon Nicholas Jr.,Defensive rebound by Idaho St.'s Damon Nicholas Jr.,27,25,1,04:59,False,65,2025-12-03T23:12:52.324621
6501011_199,199,Personal Foul on Sam Houston's Lachlan Brewer (Po'Boigh King draws the foul),Personal Foul on Sam Houston's Lachlan Brewer (Po'Boigh King draws the foul),27,25,1,04:59,False,1322,2025-12-03T23:12:52.324628
6501011_200,200,Personal Foul on Idaho St.'s Po'Boigh King (Lachlan Brewer draws the foul),Personal Foul on Idaho St.'s Po'Boigh King (Lachlan Brewer draws the foul),27,25,1,04:59,False,65,2025-12-03T23:12:52.324635
6501011_201,201,Free Throw  by Sam Houston's Lachlan Brewer,Free Throw  by Sam Houston's Lachlan Brewer,27,26,1,04:59,False,1322,2025-12-03T23:12:52.324642
6501011_202,202,Subbing out for Sam Houston-Gus Etchison,Subbing out for Sam Houston-Gus Etchison,27,26,1,04:59,False,1322,2025-12-03T23:12:52.324649
6501011_203,203,Subbing in for Sam Houston-Louis Bond,Subbing in for Sam Houston-Louis Bond,27,26,1,04:59,False,1322,2025-12-03T23:12:52.324656
6501011_204,204,Subbing out for Idaho St.-Po'Boigh King,Subbing out for Idaho St.-Po'Boigh King,27,26,1,04:59,False,65,2025-12-03T23:12:52.324662
6501011_205,205,Subbing in for Idaho St.-Jacob Walker,Subbing in for Idaho St.-Jacob Walker,27,26,1,04:59,False,65,2025-12-03T23:12:52.324669
6501011_206,206,Free Throw  by Sam Houston's Lachlan Brewer,Free Throw  by Sam Houston's Lachlan Brewer,27,27,1,04:59,False,1322,2025-12-03T23:12:52.324675
6501011_207,207,Subbing out for Sam Houston-Lachlan Brewer,Subbing out for Sam Houston-Lachlan Brewer,27,27,1,04:59,False,1322,2025-12-03T23:12:52.324681
6501011_208,208,Subbing in for Sam Houston-Cheikh Sow,Subbing in for Sam Houston-Cheikh Sow,27,27,1,04:59,False,1322,2025-12-03T23:12:52.324688
6501011_209,209,Turnover by Idaho St. 's Veljko Ilic,Turnover by Idaho St. 's Veljko Ilic,27,27,1,04:47,False,65,2025-12-03T23:12:52.324695
6501011_210,210,Steal by Sam Houston's Evan Otten,Steal by Sam Houston's Evan Otten,27,27,1,04:47,False,1322,2025-12-03T23:12:52.324701
6501011_211,211,Layup by Sam Houston's Evan Otten,Layup by Sam Houston's Evan Otten,27,29,1,04:33,False,1322,2025-12-03T23:12:52.324708
6501011_212,212,Personal Foul on Sam Houston's Cheikh Sow (Kashie Natt draws the foul),Personal Foul on Sam Houston's Cheikh Sow (Kashie Natt draws the foul),27,29,1,04:25,False,1322,2025-12-03T23:12:52.324715
6501011_213,213,Free Throw  by Idaho St.'s Kashie Natt,Free Throw  by Idaho St.'s Kashie Natt,28,29,1,04:25,False,65,2025-12-03T23:12:52.324721
6501011_214,214,Subbing out for Sam Houston-Cheikh Sow,Subbing out for Sam Houston-Cheikh Sow,28,29,1,04:25,False,1322,2025-12-03T23:12:52.324728
6501011_215,215,Subbing out for Sam Houston-Evan Otten,Subbing out for Sam Houston-Evan Otten,28,29,1,04:25,False,1322,2025-12-03T23:12:52.324735
6501011_216,216,Subbing in for Sam Houston-Lachlan Brewer,Subbing in for Sam Houston-Lachlan Brewer,28,29,1,04:25,False,1322,2025-12-03T23:12:52.324741
6501011_217,217,Subbing in for Sam Houston-Blake Daberkow,Subbing in for Sam Houston-Blake Daberkow,28,29,1,04:25,False,1322,2025-12-03T23:12:52.324748
6501011_218,218,Free Throw  by Idaho St.'s Kashie Natt,Free Throw  by Idaho St.'s Kashie Natt,29,29,1,04:25,False,65,2025-12-03T23:12:52.324755
6501011_219,219,Turnover by Sam Houston 's Louis Bond,Turnover by Sam Houston 's Louis Bond,29,29,1,03:59,False,1322,2025-12-03T23:12:52.324763
6501011_220,220,Commercial time out.,Commercial time out.,29,29,1,03:59,False,0,2025-12-03T23:12:52.324770
6501011_221,221,Subbing out for Sam Houston-Louis Bond,Subbing out for Sam Houston-Louis Bond,29,29,1,03:59,False,1322,2025-12-03T23:12:52.324777
6501011_222,222,Subbing in for Sam Houston-Jamison Guerra,Subbing in for Sam Houston-Jamison Guerra,29,29,1,03:59,False,1322,2025-12-03T23:12:52.324784
6501011_223,223,Turnover by Idaho St. 's Justin Begg,Turnover by Idaho St. 's Justin Begg,29,29,1,03:45,False,65,2025-12-03T23:12:52.324791
6501011_224,224,Turnover by Sam Houston 's Lachlan Brewer,Turnover by Sam Houston 's Lachlan Brewer,29,29,1,03:31,False,1322,2025-12-03T23:12:52.324798
6501011_225,225,Steal by Idaho St.'s Veljko Ilic,Steal by Idaho St.'s Veljko Ilic,29,29,1,03:31,False,65,2025-12-03T23:12:52.324805
6501011_226,226,Jumper by Idaho St.'s Justin Begg,Jumper by Idaho St.'s Justin Begg,32,29,1,03:20,False,65,2025-12-03T23:12:52.324812
6501011_227,227,Assist by Idaho St.'s Kashie Natt,Assist by Idaho St.'s Kashie Natt,32,29,1,03:20,False,65,2025-12-03T23:12:52.324819
6501011_228,228,Layup by Sam Houston's Blake Daberkow,Layup by Sam Houston's Blake Daberkow,32,31,1,02:54,False,1322,2025-12-03T23:12:52.324826
6501011_229,229,Assist by Sam Houston's Martin Kheil,Assist by Sam Houston's Martin Kheil,32,31,1,02:54,False,1322,2025-12-03T23:12:52.324833
6501011_230,230,Personal Foul on Idaho St.'s Veljko Ilic (Blake Daberkow draws the foul),Personal Foul on Idaho St.'s Veljko Ilic (Blake Daberkow draws the foul),32,31,1,02:54,False,65,2025-12-03T23:12:52.324840
6501011_231,231,Subbing out for Sam Houston-Jamison Guerra,Subbing out for Sam Houston-Jamison Guerra,32,31,1,02:54,False,1322,2025-12-03T23:12:52.324846
6501011_232,232,Subbing in for Sam Houston-Louis Bond,Subbing in for Sam Houston-Louis Bond,32,31,1,02:54,False,1322,2025-12-03T23:12:52.324852
6501011_233,233,Subbing out for Idaho St.-Veljko Ilic,Subbing out for Idaho St.-Veljko Ilic,32,31,1,02:54,False,65,2025-12-03T23:12:52.324858
6501011_234,234,Subbing in for Idaho St.-Matt Dann,Subbing in for Idaho St.-Matt Dann,32,31,1,02:54,False,65,2025-12-03T23:12:52.324867
6501011_235,235,Free Throw MISSED  by Sam Houston's Blake Daberkow,Free Throw MISSED  by Sam Houston's Blake Daberkow,32,31,1,02:54,False,1322,2025-12-03T23:12:52.324874
6501011_236,236,Defensive rebound by Idaho St.'s Justin Begg,Defensive rebound by Idaho St.'s Justin Begg,32,31,1,02:53,False,65,2025-12-03T23:12:52.324880
6501011_237,237,Subbing out for Sam Houston-Blake Daberkow,Subbing out for Sam Houston-Blake Daberkow,32,31,1,02:53,False,1322,2025-12-03T23:12:52.324887
6501011_238,238,Subbing in for Sam Houston-Evan Otten,Subbing in for Sam Houston-Evan Otten,32,31,1,02:53,False,1322,2025-12-03T23:12:52.324894
6501011_239,239,Turnover by Idaho St. 's Justin Begg,Turnover by Idaho St. 's Justin Begg,32,31,1,02:37,False,65,2025-12-03T23:12:52.324900
6501011_240,240,Steal by Sam Houston's Evan Otten,Steal by Sam Houston's Evan Otten,32,31,1,02:37,False,1322,2025-12-03T23:12:52.324907
6501011_241,241,Offensive foul by Sam Houston's Evan Otten,Offensive foul by Sam Houston's Evan Otten,32,31,1,02:30,False,1322,2025-12-03T23:12:52.324914
6501011_242,242,Offensive turnover by Sam Houston's Evan Otten,Offensive turnover by Sam Houston's Evan Otten,32,31,1,02:30,False,1322,2025-12-03T23:12:52.324920
6501011_243,243,Subbing out for Sam Houston-Evan Otten,Subbing out for Sam Houston-Evan Otten,32,31,1,02:29,False,1322,2025-12-03T23:12:52.324927
6501011_244,244,Subbing in for Sam Houston-Caleb Van De Griend,Subbing in for Sam Houston-Caleb Van De Griend,32,31,1,02:29,False,1322,2025-12-03T23:12:52.324934
6501011_245,245,Jumper MISSED by Idaho St.'s Justin Begg,Jumper MISSED by Idaho St.'s Justin Begg,32,31,1,02:16,False,65,2025-12-03T23:12:52.324941
6501011_246,246,Block by Sam Houston's Louis Bond,Block by Sam Houston's Louis Bond,32,31,1,02:16,False,1322,2025-12-03T23:12:52.324949
6501011_247,247,Defensive rebound by Sam Houston's Sam Houston,Defensive rebound by Sam Houston's Sam Houston,32,31,1,02:15,False,1322,2025-12-03T23:12:52.324956
6501011_248,248,Subbing out for Sam Houston-Connor Hollenbeck,Subbing out for Sam Houston-Connor Hollenbeck,32,31,1,02:15,False,1322,2025-12-03T23:12:52.324963
6501011_249,249,Subbing out for Sam Houston-Louis Bond,Subbing out for Sam Houston-Louis Bond,32,31,1,02:15,False,1322,2025-12-03T23:12:52.324969
6501011_250,250,Subbing in for Sam Houston-Jamison Guerra,Subbing in for Sam Houston-Jamison Guerra,32,31,1,02:15,False,1322,2025-12-03T23:12:52.324976
6501011_251,251,Subbing in for Sam Houston-Quin Patterson,Subbing in for Sam Houston-Quin Patterson,32,31,1,02:15,False,1322,2025-12-03T23:12:52.324983
6501011_252,252,Subbing out for Idaho St.-Matt Dann,Subbing out for Idaho St.-Matt Dann,32,31,1,02:15,False,65,2025-12-03T23:12:52.324990
6501011_253,253,Subbing in for Idaho St.-Isaiah Manning,Subbing in for Idaho St.-Isaiah Manning,32,31,1,02:15,False,65,2025-12-03T23:12:52.324996
6501011_254,254,Layup MISSED by Sam Houston's Caleb Van De Griend,Layup MISSED by Sam Houston's Caleb Van De Griend,32,31,1,01:52,False,1322,2025-12-03T23:12:52.325002
6501011_255,255,Defensive rebound by Idaho St.'s Isaiah Manning,Defensive rebound by Idaho St.'s Isaiah Manning,32,31,1,01:48,False,65,2025-12-03T23:12:52.325009
6501011_256,256,Personal Foul on Sam Houston's Lachlan Brewer (Jacob Walker draws the foul),Personal Foul on Sam Houston's Lachlan Brewer (Jacob Walker draws the foul),32,31,1,01:43,False,1322,2025-12-03T23:12:52.325015
6501011_257,257,Free Throw MISSED  by Idaho St.'s Jacob Walker,Free Throw MISSED  by Idaho St.'s Jacob Walker,32,31,1,01:43,False,65,2025-12-03T23:12:52.325023
6501011_258,258,Idaho St. gets a rebound from a dead ball.,Idaho St. gets a rebound from a dead ball.,32,31,1,01:43,False,65,2025-12-03T23:12:52.325029
6501011_259,259,Free Throw  by Idaho St.'s Jacob Walker,Free Throw  by Idaho St.'s Jacob Walker,33,31,1,01:43,False,65,2025-12-03T23:12:52.325036
6501011_260,260,Turnover by Sam Houston 's Quin Patterson,Turnover by Sam Houston 's Quin Patterson,33,31,1,01:28,False,1322,2025-12-03T23:12:52.325042
6501011_261,261,Steal by Idaho St.'s Kashie Natt,Steal by Idaho St.'s Kashie Natt,33,31,1,01:28,False,65,2025-12-03T23:12:52.325049
6501011_262,262,Personal Foul on Sam Houston's Lachlan Brewer (Kashie Natt draws the foul),Personal Foul on Sam Houston's Lachlan Brewer (Kashie Natt draws the foul),33,31,1,01:28,False,1322,2025-12-03T23:12:52.325056
6501011_263,263,Free Throw  by Idaho St.'s Kashie Natt,Free Throw  by Idaho St.'s Kashie Natt,34,31,1,01:28,False,65,2025-12-03T23:12:52.325062
6501011_264,264,Subbing out for Sam Houston-Lachlan Brewer,Subbing out for Sam Houston-Lachlan Brewer,34,31,1,01:28,False,1322,2025-12-03T23:12:52.325068
6501011_265,265,Subbing in for Sam Houston-Connor Hollenbeck,Subbing in for Sam Houston-Connor Hollenbeck,34,31,1,01:28,False,1322,2025-12-03T23:12:52.325074
6501011_266,266,Free Throw  by Idaho St.'s Kashie Natt,Free Throw  by Idaho St.'s Kashie Natt,35,31,1,01:28,False,65,2025-12-03T23:12:52.325081
6501011_267,267,Personal Foul on Idaho St.'s Kashie Natt (Connor Hollenbeck draws the foul),Personal Foul on Idaho St.'s Kashie Natt (Connor Hollenbeck draws the foul),35,31,1,01:04,False,65,2025-12-03T23:12:52.325087
6501011_268,268,Free Throw  by Sam Houston's Connor Hollenbeck,Free Throw  by Sam Houston's Connor Hollenbeck,35,32,1,01:04,False,1322,2025-12-03T23:12:52.325094
6501011_269,269,Subbing out for Sam Houston-Jamison Guerra,Subbing out for Sam Houston-Jamison Guerra,35,32,1,01:04,False,1322,2025-12-03T23:12:52.325101
6501011_270,270,Subbing in for Sam Houston-Louis Bond,Subbing in for Sam Houston-Louis Bond,35,32,1,01:04,False,1322,2025-12-03T23:12:52.325108
6501011_271,271,Subbing out for Idaho St.-Kashie Natt,Subbing out for Idaho St.-Kashie Natt,35,32,1,01:04,False,65,2025-12-03T23:12:52.325114
6501011_272,272,Subbing in for Idaho St.-CJ Beaumont,Subbing in for Idaho St.-CJ Beaumont,35,32,1,01:04,False,65,2025-12-03T23:12:52.325121
6501011_273,273,Free Throw MISSED  by Sam Houston's Connor Hollenbeck,Free Throw MISSED  by Sam Houston's Connor Hollenbeck,35,32,1,01:02,False,1322,2025-12-03T23:12:52.325127
6501011_274,274,Defensive rebound by Idaho St.'s Damon Nicholas Jr.,Defensive rebound by Idaho St.'s Damon Nicholas Jr.,35,32,1,00:59,False,65,2025-12-03T23:12:52.325133
6501011_275,275,Jumper MISSED by Idaho St.'s Damon Nicholas Jr.,Jumper MISSED by Idaho St.'s Damon Nicholas Jr.,35,32,1,00:41,False,65,2025-12-03T23:12:52.325139
6501011_276,276,Sam Houston gets a rebound from a dead ball.,Sam Houston gets a rebound from a dead ball.,35,32,1,00:40,False,1322,2025-12-03T23:12:52.325146
6501011_277,277,Personal Foul on Idaho St.'s Isaiah Manning (Louis Bond draws the foul),Personal Foul on Idaho St.'s Isaiah Manning (Louis Bond draws the foul),35,32,1,00:40,False,65,2025-12-03T23:12:52.325152
6501011_278,278,Foul on Sam Houston'sLouis Bond,Foul on Sam Houston'sLouis Bond,35,32,1,00:40,False,1322,2025-12-03T23:12:52.325158
6501011_279,279,Free Throw  by Sam Houston's Louis Bond,Free Throw  by Sam Houston's Louis Bond,35,33,1,00:40,False,1322,2025-12-03T23:12:52.325165
6501011_280,280,Free Throw  by Sam Houston's Louis Bond,Free Throw  by Sam Houston's Louis Bond,35,34,1,00:40,False,1322,2025-12-03T23:12:52.325171
6501011_281,281,Jumper by Idaho St.'s Jacob Walker,Jumper by Idaho St.'s Jacob Walker,38,34,1,00:22,False,65,2025-12-03T23:12:52.325177
6501011_282,282,Assist by Idaho St.'s Justin Begg,Assist by Idaho St.'s Justin Begg,38,34,1,00:22,False,65,2025-12-03T23:12:52.325183
6501011_283,283,Sam Houston takes a [short] time out.,Sam Houston takes a [short] time out.,38,34,1,00:13,False,1322,2025-12-03T23:12:52.325189
6501011_284,284,Subbing out for Sam Houston-Louis Bond,Subbing out for Sam Houston-Louis Bond,38,34,1,00:13,False,1322,2025-12-03T23:12:52.325195
6501011_285,285,Subbing in for Sam Houston-Jamison Guerra,Subbing in for Sam Houston-Jamison Guerra,38,34,1,00:13,False,1322,2025-12-03T23:12:52.325201
6501011_286,286,Jumper MISSED by Sam Houston's Caleb Van De Griend,Jumper MISSED by Sam Houston's Caleb Van De Griend,38,34,1,00:00,False,1322,2025-12-03T23:12:52.325207
6501011_287,287,Defensive rebound by Idaho St.'s Justin Begg,Defensive rebound by Idaho St.'s Justin Begg,38,34,1,00:00,False,65,2025-12-03T23:12:52.325213
6501011_288,288,End of 1st Half.,End of 1st Half.,38,34,1,00:00,False,65,2025-12-03T23:12:52.325219
6501011_289,289,Subbing out for Sam Houston-Quin Patterson,Subbing out for Sam Houston-Quin Patterson,38,34,2,20:00,False,1322,2025-12-03T23:12:52.325227
6501011_290,290,Subbing out for Sam Houston-Caleb Van De Griend,Subbing out for Sam Houston-Caleb Van De Griend,38,34,2,20:00,False,1322,2025-12-03T23:12:52.325233
6501011_291,291,Subbing in for Sam Houston-Cheikh Sow,Subbing in for Sam Houston-Cheikh Sow,38,34,2,20:00,False,1322,2025-12-03T23:12:52.325239
6501011_292,292,Subbing in for Sam Houston-Evan Otten,Subbing in for Sam Houston-Evan Otten,38,34,2,20:00,False,1322,2025-12-03T23:12:52.325245
6501011_293,293,Subbing out for Idaho St.-CJ Beaumont,Subbing out for Idaho St.-CJ Beaumont,38,34,2,20:00,False,65,2025-12-03T23:12:52.325251
6501011_294,294,Subbing out for Idaho St.-Isaiah Manning,Subbing out for Idaho St.-Isaiah Manning,38,34,2,20:00,False,65,2025-12-03T23:12:52.325257
6501011_295,295,Subbing out for Idaho St.-Jacob Walker,Subbing out for Idaho St.-Jacob Walker,38,34,2,20:00,False,65,2025-12-03T23:12:52.325263
6501011_296,296,Subbing in for Idaho St.-Kashie Natt,Subbing in for Idaho St.-Kashie Natt,38,34,2,20:00,False,65,2025-12-03T23:12:52.325269
6501011_297,297,Subbing in for Idaho St.-Veljko Ilic,Subbing in for Idaho St.-Veljko Ilic,38,34,2,20:00,False,65,2025-12-03T23:12:52.325275
6501011_298,298,Subbing in for Idaho St.-Po'Boigh King,Subbing in for Idaho St.-Po'Boigh King,38,34,2,20:00,False,65,2025-12-03T23:12:52.325281
6501011_299,299,Turnover by Sam Houston 's Martin Kheil,Turnover by Sam Houston 's Martin Kheil,38,34,2,19:51,False,1322,2025-12-03T23:12:52.325288
6501011_300,300,Steal by Idaho St.'s Justin Begg,Steal by Idaho St.'s Justin Begg,38,34,2,19:51,False,65,2025-12-03T23:12:52.325294
6501011_301,301,Slam Dunk MISSED by Idaho St.'s Justin Begg,Slam Dunk MISSED by Idaho St.'s Justin Begg,38,34,2,19:44,True,65,2025-12-03T23:12:52.325300
6501011_302,302,Offensive rebound by Idaho St.'s Po'Boigh King,Offensive rebound by Idaho St.'s Po'Boigh King,38,34,2,19:40,False,65,2025-12-03T23:12:52.325306
6501011_303,303,Jumper MISSED by Idaho St.'s Justin Begg,Jumper MISSED by Idaho St.'s Justin Begg,38,34,2,19:37,False,65,2025-12-03T23:12:52.325313
6501011_304,304,Offensive rebound by Idaho St.'s Veljko Ilic,Offensive rebound by Idaho St.'s Veljko Ilic,38,34,2,19:33,False,65,2025-12-03T23:12:52.325319
6501011_305,305,Jumper MISSED by Idaho St.'s Justin Begg,Jumper MISSED by Idaho St.'s Justin Begg,38,34,2,19:24,False,65,2025-12-03T23:12:52.325325
6501011_306,306,Defensive rebound by Sam Houston's Connor Hollenbeck,Defensive rebound by Sam Houston's Connor Hollenbeck,38,34,2,19:19,False,1322,2025-12-03T23:12:52.325332
6501011_307,307,Personal Foul on Idaho St.'s Po'Boigh King (Martin Kheil draws the foul),Personal Foul on Idaho St.'s Po'Boigh King (Martin Kheil draws the foul),38,34,2,19:08,False,65,2025-12-03T23:12:52.325339
6501011_308,308,Personal Foul on Idaho St.'s Justin Begg (Connor Hollenbeck draws the foul),Personal Foul on Idaho St.'s Justin Begg (Connor Hollenbeck draws the foul),38,34,2,18:55,False,65,2025-12-03T23:12:52.325346
6501011_309,309,Foul on Sam Houston'sSam Houston,Foul on Sam Houston'sSam Houston,38,34,2,18:55,False,1322,2025-12-03T23:12:52.325352
6501011_310,310,Free Throw  by Sam Houston's Connor Hollenbeck,Free Throw  by Sam Houston's Connor Hollenbeck,38,35,2,18:55,False,1322,2025-12-03T23:12:52.325360
6501011_311,311,Free Throw  by Sam Houston's Connor Hollenbeck,Free Throw  by Sam Houston's Connor Hollenbeck,38,36,2,18:55,False,1322,2025-12-03T23:12:52.325367
6501011_312,312,Jumper MISSED by Idaho St.'s Kashie Natt,Jumper MISSED by Idaho St.'s Kashie Natt,38,36,2,18:35,False,65,2025-12-03T23:12:52.325374
6501011_313,313,Block by Sam Houston's Evan Otten,Block by Sam Houston's Evan Otten,38,36,2,18:35,False,1322,2025-12-03T23:12:52.325381
6501011_314,314,Offensive rebound by Idaho St.'s Idaho St.,Offensive rebound by Idaho St.'s Idaho St.,38,36,2,18:34,False,65,2025-12-03T23:12:52.325387
6501011_315,315,Foul on Idaho St.'sIdaho St.,Foul on Idaho St.'sIdaho St.,38,36,2,18:34,False,65,2025-12-03T23:12:52.325394
6501011_316,316,Offensive turnover by Idaho St.'s Idaho St.,Offensive turnover by Idaho St.'s Idaho St.,38,36,2,18:34,False,65,2025-12-03T23:12:52.325400
6501011_317,317,Free Throw  by Sam Houston's Martin Kheil,Free Throw  by Sam Houston's Martin Kheil,38,37,2,18:34,False,1322,2025-12-03T23:12:52.325407
6501011_318,318,Free Throw  by Sam Houston's Martin Kheil,Free Throw  by Sam Houston's Martin Kheil,38,38,2,18:34,False,1322,2025-12-03T23:12:52.325414
6501011_319,319,Layup by Idaho St.'s Kashie Natt,Layup by Idaho St.'s Kashie Natt,40,38,2,18:29,False,65,2025-12-03T23:12:52.325421
6501011_320,320,Assist by Idaho St.'s Justin Begg,Assist by Idaho St.'s Justin Begg,40,38,2,18:29,False,65,2025-12-03T23:12:52.325427
6501011_321,321,Personal Foul on Sam Houston's Cheikh Sow (Kashie Natt draws the foul),Personal Foul on Sam Houston's Cheikh Sow (Kashie Natt draws the foul),40,38,2,18:29,False,1322,2025-12-03T23:12:52.325463
6501011_322,322,Subbing out for Sam Houston-Cheikh Sow,Subbing out for Sam Houston-Cheikh Sow,40,38,2,18:29,False,1322,2025-12-03T23:12:52.325470
6501011_323,323,Subbing in for Sam Houston-Lachlan Brewer,Subbing in for Sam Houston-Lachlan Brewer,40,38,2,18:29,False,1322,2025-12-03T23:12:52.325476
6501011_324,324,Free Throw  by Idaho St.'s Kashie Natt,Free Throw  by Idaho St.'s Kashie Natt,41,38,2,18:29,False,65,2025-12-03T23:12:52.325482
6501011_325,325,Turnover by Sam Houston 's Martin Kheil,Turnover by Sam Houston 's Martin Kheil,41,38,2,18:13,False,1322,2025-12-03T23:12:52.325488
6501011_326,326,Steal by Idaho St.'s Po'Boigh King,Steal by Idaho St.'s Po'Boigh King,41,38,2,18:13,False,65,2025-12-03T23:12:52.325495
6501011_327,327,Turnover by Idaho St. 's Po'Boigh King,Turnover by Idaho St. 's Po'Boigh King,41,38,2,18:07,False,65,2025-12-03T23:12:52.325501
6501011_328,328,Jumper by Sam Houston's Lachlan Brewer,Jumper by Sam Houston's Lachlan Brewer,41,41,2,18:02,False,1322,2025-12-03T23:12:52.325507
6501011_329,329,Assist by Sam Houston's Martin Kheil,Assist by Sam Houston's Martin Kheil,41,41,2,18:02,False,1322,2025-12-03T23:12:52.325513
6501011_330,330,Jumper MISSED by Idaho St.'s Damon Nicholas Jr.,Jumper MISSED by Idaho St.'s Damon Nicholas Jr.,41,41,2,17:41,False,65,2025-12-03T23:12:52.325519
6501011_331,331,Offensive rebound by Idaho St.'s Veljko Ilic,Offensive rebound by Idaho St.'s Veljko Ilic,41,41,2,17:38,False,65,2025-12-03T23:12:52.325526
6501011_332,332,Layup MISSED by Idaho St.'s Veljko Ilic,Layup MISSED by Idaho St.'s Veljko Ilic,41,41,2,17:38,False,65,2025-12-03T23:12:52.325532
6501011_333,333,Offensive rebound by Idaho St.'s Kashie Natt,Offensive rebound by Idaho St.'s Kashie Natt,41,41,2,17:34,False,65,2025-12-03T23:12:52.325538
6501011_334,334,2 Pointer by Idaho St.'s Kashie Natt,2 Pointer by Idaho St.'s Kashie Natt,43,41,2,17:34,False,65,2025-12-03T23:12:52.325544
6501011_335,335,Jumper by Sam Houston's Lachlan Brewer,Jumper by Sam Houston's Lachlan Brewer,43,44,2,17:21,False,1322,2025-12-03T23:12:52.325551
6501011_336,336,Assist by Sam Houston's Jamison Guerra,Assist by Sam Houston's Jamison Guerra,43,44,2,17:21,False,1322,2025-12-03T23:12:52.325557
6501011_337,337,2 Pointer by Idaho St.'s Damon Nicholas Jr.,2 Pointer by Idaho St.'s Damon Nicholas Jr.,45,44,2,17:07,False,65,2025-12-03T23:12:52.325563
6501011_338,338,Subbing out for Sam Houston-Evan Otten,Subbing out for Sam Houston-Evan Otten,45,44,2,17:04,False,1322,2025-12-03T23:12:52.325569
6501011_339,339,Subbing in for Sam Houston-Caleb Van De Griend,Subbing in for Sam Houston-Caleb Van De Griend,45,44,2,17:04,False,1322,2025-12-03T23:12:52.325575
6501011_340,340,Subbing out for Idaho St.-Veljko Ilic,Subbing out for Idaho St.-Veljko Ilic,45,44,2,17:04,False,65,2025-12-03T23:12:52.325581
6501011_341,341,Subbing out for Idaho St.-Po'Boigh King,Subbing out for Idaho St.-Po'Boigh King,45,44,2,17:04,False,65,2025-12-03T23:12:52.325586
6501011_342,342,Subbing in for Idaho St.-Jacobe Coleman,Subbing in for Idaho St.-Jacobe Coleman,45,44,2,17:04,False,65,2025-12-03T23:12:52.325592
6501011_343,343,Subbing in for Idaho St.-Jaxson Ford,Subbing in for Idaho St.-Jaxson Ford,45,44,2,17:04,False,65,2025-12-03T23:12:52.325598
6501011_344,344,2 Pointer by Sam Houston's Lachlan Brewer,2 Pointer by Sam Houston's Lachlan Brewer,45,46,2,16:50,False,1322,2025-12-03T23:12:52.325605
6501011_345,345,Jumper MISSED by Idaho St.'s Kashie Natt,Jumper MISSED by Idaho St.'s Kashie Natt,45,46,2,16:36,False,65,2025-12-03T23:12:52.325610
6501011_346,346,Personal Foul on Sam Houston's Caleb Van De Griend (Kashie Natt draws the foul),Personal Foul on Sam Houston's Caleb Van De Griend (Kashie Natt draws the foul),45,46,2,16:34,False,1322,2025-12-03T23:12:52.325617
6501011_347,347,Free Throw  by Idaho St.'s Kashie Natt,Free Throw  by Idaho St.'s Kashie Natt,46,46,2,16:34,False,65,2025-12-03T23:12:52.325623
6501011_348,348,Free Throw  by Idaho St.'s Kashie Natt,Free Throw  by Idaho St.'s Kashie Natt,47,46,2,16:34,False,65,2025-12-03T23:12:52.325629
6501011_349,349,Personal Foul on Idaho St.'s Kashie Natt (Connor Hollenbeck draws the foul),Personal Foul on Idaho St.'s Kashie Natt (Connor Hollenbeck draws the foul),47,46,2,16:19,False,65,2025-12-03T23:12:52.325635
6501011_350,350,Foul on Sam Houston'sSam Houston,Foul on Sam Houston'sSam Houston,47,46,2,16:19,False,1322,2025-12-03T23:12:52.325642
6501011_351,351,Subbing out for Idaho St.-Kashie Natt,Subbing out for Idaho St.-Kashie Natt,47,46,2,16:19,False,65,2025-12-03T23:12:52.325648
6501011_352,352,Subbing in for Idaho St.-Jacob Walker,Subbing in for Idaho St.-Jacob Walker,47,46,2,16:19,False,65,2025-12-03T23:12:52.325654
6501011_353,353,Personal Foul on Idaho St.'s Damon Nicholas Jr. (Connor Hollenbeck draws the foul),Personal Foul on Idaho St.'s Damon Nicholas Jr. (Connor Hollenbeck draws the foul),47,46,2,16:03,False,65,2025-12-03T23:12:52.325661
6501011_354,354,Free Throw  by Sam Houston's Connor Hollenbeck,Free Throw  by Sam Houston's Connor Hollenbeck,47,47,2,16:03,False,1322,2025-12-03T23:12:52.325668
6501011_355,355,Subbing out for Sam Houston-Caleb Van De Griend,Subbing out for Sam Houston-Caleb Van De Griend,47,47,2,16:03,False,1322,2025-12-03T23:12:52.325674
6501011_356,356,Subbing in for Sam Houston-Evan Otten,Subbing in for Sam Houston-Evan Otten,47,47,2,16:03,False,1322,2025-12-03T23:12:52.325681
6501011_357,357,Free Throw  by Sam Houston's Connor Hollenbeck,Free Throw  by Sam Houston's Connor Hollenbeck,47,48,2,16:03,False,1322,2025-12-03T23:12:52.325687
6501011_358,358,Offensive foul by Idaho St.'s Jaxson Ford,Offensive foul by Idaho St.'s Jaxson Ford,47,48,2,15:51,False,65,2025-12-03T23:12:52.325694
6501011_359,359,Offensive turnover by Idaho St.'s Jaxson Ford,Offensive turnover by Idaho St.'s Jaxson Ford,47,48,2,15:51,False,65,2025-12-03T23:12:52.325701
6501011_360,360,Commercial time out.,Commercial time out.,47,48,2,15:51,False,0,2025-12-03T23:12:52.325707
6501011_361,361,Subbing out for Sam Houston-Connor Hollenbeck,Subbing out for Sam Houston-Connor Hollenbeck,47,48,2,15:51,False,1322,2025-12-03T23:12:52.325713
6501011_362,362,Subbing in for Sam Houston-Caleb Van De Griend,Subbing in for Sam Houston-Caleb Van De Griend,47,48,2,15:51,False,1322,2025-12-03T23:12:52.325720
6501011_363,363,Subbing out for Idaho St.-Jaxson Ford,Subbing out for Idaho St.-Jaxson Ford,47,48,2,15:51,False,65,2025-12-03T23:12:52.325727
6501011_364,364,Subbing out for Idaho St.-Damon Nicholas Jr.,Subbing out for Idaho St.-Damon Nicholas Jr.,47,48,2,15:51,False,65,2025-12-03T23:12:52.325733
6501011_365,365,Subbing in for Idaho St.-Veljko Ilic,Subbing in for Idaho St.-Veljko Ilic,47,48,2,15:51,False,65,2025-12-03T23:12:52.325739
6501011_366,366,Subbing in for Idaho St.-Isaiah Manning,Subbing in for Idaho St.-Isaiah Manning,47,48,2,15:51,False,65,2025-12-03T23:12:52.325746
6501011_367,367,Jumper MISSED by Sam Houston's Lachlan Brewer,Jumper MISSED by Sam Houston's Lachlan Brewer,47,48,2,15:33,False,1322,2025-12-03T23:12:52.325752
6501011_368,368,Defensive rebound by Idaho St.'s Jacobe Coleman,Defensive rebound by Idaho St.'s Jacobe Coleman,47,48,2,15:29,False,65,2025-12-03T23:12:52.325759
6501011_369,369,Subbing out for Sam Houston-Lachlan Brewer,Subbing out for Sam Houston-Lachlan Brewer,47,48,2,15:25,False,1322,2025-12-03T23:12:52.325765
6501011_370,370,Subbing in for Sam Houston-Connor Hollenbeck,Subbing in for Sam Houston-Connor Hollenbeck,47,48,2,15:25,False,1322,2025-12-03T23:12:52.325771
6501011_371,371,2 Pointer MISSED by Idaho St.'s Jacobe Coleman,2 Pointer MISSED by Idaho St.'s Jacobe Coleman,47,48,2,15:24,False,65,2025-12-03T23:12:52.325777
6501011_372,372,Defensive rebound by Sam Houston's Connor Hollenbeck,Defensive rebound by Sam Houston's Connor Hollenbeck,47,48,2,15:18,False,1322,2025-12-03T23:12:52.325784
6501011_373,373,Jumper by Sam Houston's Martin Kheil,Jumper by Sam Houston's Martin Kheil,47,51,2,15:12,False,1322,2025-12-03T23:12:52.325790
6501011_374,374,Assist by Sam Houston's Jamison Guerra,Assist by Sam Houston's Jamison Guerra,47,51,2,15:12,False,1322,2025-12-03T23:12:52.325797
6501011_375,375,Subbing out for Sam Houston-Caleb Van De Griend,Subbing out for Sam Houston-Caleb Van De Griend,47,51,2,15:01,False,1322,2025-12-03T23:12:52.325803
6501011_376,376,Subbing in for Sam Houston-Lachlan Brewer,Subbing in for Sam Houston-Lachlan Brewer,47,51,2,15:01,False,1322,2025-12-03T23:12:52.325809
6501011_377,377,Personal Foul on Sam Houston's Lachlan Brewer (Jacobe Coleman draws the foul),Personal Foul on Sam Houston's Lachlan Brewer (Jacobe Coleman draws the foul),47,51,2,15:01,False,1322,2025-12-03T23:12:52.325814
6501011_378,378,Foul on Sam Houston'sSam Houston,Foul on Sam Houston'sSam Houston,47,51,2,15:01,False,1322,2025-12-03T23:12:52.325821
6501011_379,379,Personal Foul on Sam Houston's Martin Kheil (Jacob Walker draws the foul),Personal Foul on Sam Houston's Martin Kheil (Jacob Walker draws the foul),47,51,2,14:53,False,1322,2025-12-03T23:12:52.325827
6501011_380,380,Subbing out for Sam Houston-Caleb Van De Griend,Subbing out for Sam Houston-Caleb Van De Griend,47,51,2,14:53,False,1322,2025-12-03T23:12:52.325833
6501011_381,381,Subbing in for Sam Houston-Quin Patterson,Subbing in for Sam Houston-Quin Patterson,47,51,2,14:53,False,1322,2025-12-03T23:12:52.325839
6501011_382,382,Jumper MISSED by Idaho St.'s Jacobe Coleman,Jumper MISSED by Idaho St.'s Jacobe Coleman,47,51,2,14:48,False,65,2025-12-03T23:12:52.325845
6501011_383,383,Offensive rebound by Idaho St.'s Jacob Walker,Offensive rebound by Idaho St.'s Jacob Walker,47,51,2,14:42,False,65,2025-12-03T23:12:52.325851
6501011_384,384,Jumper MISSED by Idaho St.'s Jacobe Coleman,Jumper MISSED by Idaho St.'s Jacobe Coleman,47,51,2,14:39,False,65,2025-12-03T23:12:52.325857
6501011_385,385,Idaho St. gets a rebound from a dead ball.,Idaho St. gets a rebound from a dead ball.,47,51,2,14:37,False,65,2025-12-03T23:12:52.325863
6501011_386,386,Personal Foul on Sam Houston's Connor Hollenbeck (Veljko Ilic draws the foul),Personal Foul on Sam Houston's Connor Hollenbeck (Veljko Ilic draws the foul),47,51,2,14:37,False,1322,2025-12-03T23:12:52.325869
6501011_387,387,Jumper MISSED by Idaho St.'s Jacob Walker,Jumper MISSED by Idaho St.'s Jacob Walker,47,51,2,14:32,False,65,2025-12-03T23:12:52.325876
6501011_388,388,Offensive rebound by Idaho St.'s Veljko Ilic,Offensive rebound by Idaho St.'s Veljko Ilic,47,51,2,14:27,False,65,2025-12-03T23:12:52.325883
6501011_389,389,2 Pointer MISSED by Idaho St.'s Veljko Ilic,2 Pointer MISSED by Idaho St.'s Veljko Ilic,47,51,2,14:27,False,65,2025-12-03T23:12:52.325888
6501011_390,390,Sam Houston gets a rebound from a dead ball.,Sam Houston gets a rebound from a dead ball.,47,51,2,14:27,False,1322,2025-12-03T23:12:52.325895
6501011_391,391,Personal Foul on Idaho St.'s Isaiah Manning (Connor Hollenbeck draws the foul),Personal Foul on Idaho St.'s Isaiah Manning (Connor Hollenbeck draws the foul),47,51,2,14:27,False,65,2025-12-03T23:12:52.325901
6501011_392,392,Subbing out for Sam Houston-Evan Otten,Subbing out for Sam Houston-Evan Otten,47,51,2,14:27,False,1322,2025-12-03T23:12:52.325907
6501011_393,393,Subbing in for Sam Houston-Caleb Van De Griend,Subbing in for Sam Houston-Caleb Van De Griend,47,51,2,14:27,False,1322,2025-12-03T23:12:52.325913
6501011_394,394,Subbing out for Idaho St.-Jacobe Coleman,Subbing out for Idaho St.-Jacobe Coleman,47,51,2,14:27,False,65,2025-12-03T23:12:52.325919
6501011_395,395,Subbing in for Idaho St.-Po'Boigh King,Subbing in for Idaho St.-Po'Boigh King,47,51,2,14:27,False,65,2025-12-03T23:12:52.325926
6501011_396,396,Free Throw MISSED  by Sam Houston's Connor Hollenbeck,Free Throw MISSED  by Sam Houston's Connor Hollenbeck,47,51,2,14:26,False,1322,2025-12-03T23:12:52.325932
6501011_397,397,Defensive rebound by Idaho St.'s Veljko Ilic,Defensive rebound by Idaho St.'s Veljko Ilic,47,51,2,14:25,False,65,2025-12-03T23:12:52.325939
6501011_398,398,Jumper by Idaho St.'s Isaiah Manning,Jumper by Idaho St.'s Isaiah Manning,50,51,2,14:21,False,65,2025-12-03T23:12:52.325946
6501011_399,399,Assist by Idaho St.'s Justin Begg,Assist by Idaho St.'s Justin Begg,50,51,2,14:21,False,65,2025-12-03T23:12:52.325953
6501011_400,400,Jumper MISSED by Sam Houston's Caleb Van De Griend,Jumper MISSED by Sam Houston's Caleb Van De Griend,50,51,2,14:05,False,1322,2025-12-03T23:12:52.325959
6501011_401,401,Offensive rebound by Sam Houston's Jamison Guerra,Offensive rebound by Sam Houston's Jamison Guerra,50,51,2,14:00,False,1322,2025-12-03T23:12:52.325965
6501011_402,402,2 Pointer by Sam Houston's Jamison Guerra,2 Pointer by Sam Houston's Jamison Guerra,50,53,2,13:46,False,1322,2025-12-03T23:12:52.325972
6501011_403,403,2 Pointer MISSED by Idaho St.'s Isaiah Manning,2 Pointer MISSED by Idaho St.'s Isaiah Manning,50,53,2,13:36,False,65,2025-12-03T23:12:52.325978
6501011_404,404,Offensive rebound by Idaho St.'s Veljko Ilic,Offensive rebound by Idaho St.'s Veljko Ilic,50,53,2,13:35,False,65,2025-12-03T23:12:52.325984
6501011_405,405,Personal Foul on Sam Houston's Jamison Guerra (Veljko Ilic draws the foul),Personal Foul on Sam Houston's Jamison Guerra (Veljko Ilic draws the foul),50,53,2,13:35,False,1322,2025-12-03T23:12:52.325989
6501011_406,406,Free Throw MISSED  by Idaho St.'s Veljko Ilic,Free Throw MISSED  by Idaho St.'s Veljko Ilic,50,53,2,13:35,False,65,2025-12-03T23:12:52.325996
6501011_407,407,Idaho St. gets a rebound from a dead ball.,Idaho St. gets a rebound from a dead ball.,50,53,2,13:35,False,65,2025-12-03T23:12:52.326002
6501011_408,408,Subbing out for Idaho St.-Jacob Walker,Subbing out for Idaho St.-Jacob Walker,50,53,2,13:35,False,65,2025-12-03T23:12:52.326008
6501011_409,409,Subbing in for Idaho St.-Kashie Natt,Subbing in for Idaho St.-Kashie Natt,50,53,2,13:35,False,65,2025-12-03T23:12:52.326014
6501011_410,410,Subbing out for Sam Houston-Jamison Guerra,Subbing out for Sam Houston-Jamison Guerra,50,53,2,13:35,False,1322,2025-12-03T23:12:52.326020
6501011_411,411,Subbing in for Sam Houston-Louis Bond,Subbing in for Sam Houston-Louis Bond,50,53,2,13:35,False,1322,2025-12-03T23:12:52.326025
6501011_412,412,Subbing out for Idaho St.-Isaiah Manning,Subbing out for Idaho St.-Isaiah Manning,50,53,2,13:35,False,65,2025-12-03T23:12:52.326032
6501011_413,413,Subbing in for Idaho St.-Damon Nicholas Jr.,Subbing in for Idaho St.-Damon Nicholas Jr.,50,53,2,13:35,False,65,2025-12-03T23:12:52.326038
6501011_414,414,Free Throw MISSED  by Idaho St.'s Veljko Ilic,Free Throw MISSED  by Idaho St.'s Veljko Ilic,50,53,2,13:34,False,65,2025-12-03T23:12:52.326044
6501011_415,415,Defensive rebound by Sam Houston's Martin Kheil,Defensive rebound by Sam Houston's Martin Kheil,50,53,2,13:32,False,1322,2025-12-03T23:12:52.326050
6501011_416,416,Turnover by Sam Houston 's Louis Bond,Turnover by Sam Houston 's Louis Bond,50,53,2,13:18,False,1322,2025-12-03T23:12:52.326057
6501011_417,417,Steal by Idaho St.'s Damon Nicholas Jr.,Steal by Idaho St.'s Damon Nicholas Jr.,50,53,2,13:18,False,65,2025-12-03T23:12:52.326063
6501011_418,418,2 Pointer by Idaho St.'s Justin Begg,2 Pointer by Idaho St.'s Justin Begg,52,53,2,13:14,False,65,2025-12-03T23:12:52.326069
6501011_419,419,Assist by Idaho St.'s Damon Nicholas Jr.,Assist by Idaho St.'s Damon Nicholas Jr.,52,53,2,13:14,False,65,2025-12-03T23:12:52.326075
6501011_420,420,Jumper by Sam Houston's Martin Kheil,Jumper by Sam Houston's Martin Kheil,52,56,2,12:57,False,1322,2025-12-03T23:12:52.326081
6501011_421,421,Assist by Sam Houston's Louis Bond,Assist by Sam Houston's Louis Bond,52,56,2,12:57,False,1322,2025-12-03T23:12:52.326087
6501011_422,422,Jumper by Idaho St.'s Justin Begg,Jumper by Idaho St.'s Justin Begg,55,56,2,12:44,False,65,2025-12-03T23:12:52.326092
6501011_423,423,Personal Foul on Idaho St.'s Justin Begg (Louis Bond draws the foul),Personal Foul on Idaho St.'s Justin Begg (Louis Bond draws the foul),55,56,2,12:26,False,65,2025-12-03T23:12:52.326099
6501011_424,424,Free Throw  by Sam Houston's Louis Bond,Free Throw  by Sam Houston's Louis Bond,55,57,2,12:26,False,1322,2025-12-03T23:12:52.326104
6501011_425,425,Free Throw  by Sam Houston's Louis Bond,Free Throw  by Sam Houston's Louis Bond,55,58,2,12:26,False,1322,2025-12-03T23:12:52.326111
6501011_426,426,Layup MISSED by Idaho St.'s Kashie Natt,Layup MISSED by Idaho St.'s Kashie Natt,55,58,2,12:10,False,65,2025-12-03T23:12:52.326116
6501011_427,427,Sam Houston gets a rebound from a dead ball.,Sam Houston gets a rebound from a dead ball.,55,58,2,12:10,False,1322,2025-12-03T23:12:52.326122
6501011_428,428,Jumper MISSED by Sam Houston's Martin Kheil,Jumper MISSED by Sam Houston's Martin Kheil,55,58,2,11:56,False,1322,2025-12-03T23:12:52.326128
6501011_429,429,Offensive rebound by Sam Houston's Sam Houston,Offensive rebound by Sam Houston's Sam Houston,55,58,2,11:54,False,1322,2025-12-03T23:12:52.326134
6501011_430,430,Commercial time out.,Commercial time out.,55,58,2,11:54,False,0,2025-12-03T23:12:52.326139
6501011_431,431,Subbing out for Sam Houston-Connor Hollenbeck,Subbing out for Sam Houston-Connor Hollenbeck,55,58,2,11:54,False,1322,2025-12-03T23:12:52.326145
6501011_432,432,Subbing out for Sam Houston-Louis Bond,Subbing out for Sam Houston-Louis Bond,55,58,2,11:54,False,1322,2025-12-03T23:12:52.326151
6501011_433,433,Subbing out for Sam Houston-Quin Patterson,Subbing out for Sam Houston-Quin Patterson,55,58,2,11:54,False,1322,2025-12-03T23:12:52.326157
6501011_434,434,Subbing in for Sam Houston-Jamison Guerra,Subbing in for Sam Houston-Jamison Guerra,55,58,2,11:54,False,1322,2025-12-03T23:12:52.326163
6501011_435,435,Subbing in for Sam Houston-Cheikh Sow,Subbing in for Sam Houston-Cheikh Sow,55,58,2,11:54,False,1322,2025-12-03T23:12:52.326169
6501011_436,436,Subbing in for Sam Houston-Lachlan Brewer,Subbing in for Sam Houston-Lachlan Brewer,55,58,2,11:54,False,1322,2025-12-03T23:12:52.326175
6501011_437,437,3 Pointer MISSED by Sam Houston's Jamison Guerra,3 Pointer MISSED by Sam Houston's Jamison Guerra,55,58,2,11:34,False,1322,2025-12-03T23:12:52.326181
6501011_438,438,Defensive rebound by Idaho St.'s Veljko Ilic,Defensive rebound by Idaho St.'s Veljko Ilic,55,58,2,11:29,False,65,2025-12-03T23:12:52.326187
6501011_439,439,Foul on Idaho St.'sIdaho St.,Foul on Idaho St.'sIdaho St.,55,58,2,11:20,False,65,2025-12-03T23:12:52.326193
6501011_440,440,Personal Foul on Sam Houston's Caleb Van De Griend (Justin Begg draws the foul),Personal Foul on Sam Houston's Caleb Van De Griend (Justin Begg draws the foul),55,58,2,11:20,False,1322,2025-12-03T23:12:52.326199
6501011_441,441,Free Throw  by Idaho St.'s Justin Begg,Free Throw  by Idaho St.'s Justin Begg,56,58,2,11:20,False,65,2025-12-03T23:12:52.326205
6501011_442,442,Subbing out for Sam Houston-Caleb Van De Griend,Subbing out for Sam Houston-Caleb Van De Griend,56,58,2,11:20,False,1322,2025-12-03T23:12:52.326211
6501011_443,443,Subbing in for Sam Houston-Blake Daberkow,Subbing in for Sam Houston-Blake Daberkow,56,58,2,11:20,False,1322,2025-12-03T23:12:52.326216
6501011_444,444,Free Throw  by Idaho St.'s Justin Begg,Free Throw  by Idaho St.'s Justin Begg,57,58,2,11:20,False,65,2025-12-03T23:12:52.326222
6501011_445,445,2 Pointer MISSED by Sam Houston's Blake Daberkow,2 Pointer MISSED by Sam Houston's Blake Daberkow,57,58,2,10:59,False,1322,2025-12-03T23:12:52.326229
6501011_446,446,Defensive rebound by Idaho St.'s Po'Boigh King,Defensive rebound by Idaho St.'s Po'Boigh King,57,58,2,10:57,False,65,2025-12-03T23:12:52.326235
6501011_447,447,3 Pointer by Idaho St.'s Po'Boigh King,3 Pointer by Idaho St.'s Po'Boigh King,60,58,2,10:48,False,65,2025-12-03T23:12:52.326241
6501011_448,448,Personal Foul on Idaho St.'s Veljko Ilic (Lachlan Brewer draws the foul),Personal Foul on Idaho St.'s Veljko Ilic (Lachlan Brewer draws the foul),60,58,2,10:21,False,65,2025-12-03T23:12:52.326247
6501011_449,449,Free Throw MISSED  by Sam Houston's Lachlan Brewer,Free Throw MISSED  by Sam Houston's Lachlan Brewer,60,58,2,10:21,False,1322,2025-12-03T23:12:52.326252
6501011_450,450,Sam Houston gets a rebound from a dead ball.,Sam Houston gets a rebound from a dead ball.,60,58,2,10:21,False,1322,2025-12-03T23:12:52.326258
6501011_451,451,Subbing out for Sam Houston-Blake Daberkow,Subbing out for Sam Houston-Blake Daberkow,60,58,2,10:21,False,1322,2025-12-03T23:12:52.326265
6501011_452,452,Subbing in for Sam Houston-Evan Otten,Subbing in for Sam Houston-Evan Otten,60,58,2,10:21,False,1322,2025-12-03T23:12:52.326271
6501011_453,453,Subbing out for Idaho St.-Veljko Ilic,Subbing out for Idaho St.-Veljko Ilic,60,58,2,10:21,False,65,2025-12-03T23:12:52.326277
6501011_454,454,Subbing in for Idaho St.-Jaxson Ford,Subbing in for Idaho St.-Jaxson Ford,60,58,2,10:21,False,65,2025-12-03T23:12:52.326283
6501011_455,455,Free Throw  by Sam Houston's Lachlan Brewer,Free Throw  by Sam Houston's Lachlan Brewer,60,59,2,10:21,False,1322,2025-12-03T23:12:52.326290
6501011_456,456,2 Pointer by Idaho St.'s Po'Boigh King,2 Pointer by Idaho St.'s Po'Boigh King,62,59,2,10:04,False,65,2025-12-03T23:12:52.326295
6501011_457,457,Personal Foul on Idaho St.'s Jaxson Ford (Jamison Guerra draws the foul),Personal Foul on Idaho St.'s Jaxson Ford (Jamison Guerra draws the foul),62,59,2,09:46,False,65,2025-12-03T23:12:52.326301
6501011_458,458,Free Throw  by Sam Houston's Jamison Guerra,Free Throw  by Sam Houston's Jamison Guerra,62,60,2,09:46,False,1322,2025-12-03T23:12:52.326307
6501011_459,459,Subbing out for Sam Houston-Lachlan Brewer,Subbing out for Sam Houston-Lachlan Brewer,62,60,2,09:46,False,1322,2025-12-03T23:12:52.326313
6501011_460,460,Subbing in for Sam Houston-Connor Hollenbeck,Subbing in for Sam Houston-Connor Hollenbeck,62,60,2,09:46,False,1322,2025-12-03T23:12:52.326319
6501011_461,461,Free Throw  by Sam Houston's Jamison Guerra,Free Throw  by Sam Houston's Jamison Guerra,62,61,2,09:46,False,1322,2025-12-03T23:12:52.326326
6501011_462,462,Personal Foul on Sam Houston's Evan Otten (Kashie Natt draws the foul),Personal Foul on Sam Houston's Evan Otten (Kashie Natt draws the foul),62,61,2,09:34,False,1322,2025-12-03T23:12:52.326332
6501011_463,463,Free Throw MISSED  by Idaho St.'s Kashie Natt,Free Throw MISSED  by Idaho St.'s Kashie Natt,62,61,2,09:34,False,65,2025-12-03T23:12:52.326338
6501011_464,464,Idaho St. gets a rebound from a dead ball.,Idaho St. gets a rebound from a dead ball.,62,61,2,09:34,False,65,2025-12-03T23:12:52.326344
6501011_465,465,Subbing out for Sam Houston-Evan Otten,Subbing out for Sam Houston-Evan Otten,62,61,2,09:34,False,1322,2025-12-03T23:12:52.326350
6501011_466,466,Subbing in for Sam Houston-Caleb Van De Griend,Subbing in for Sam Houston-Caleb Van De Griend,62,61,2,09:34,False,1322,2025-12-03T23:12:52.326356
6501011_467,467,Free Throw  by Idaho St.'s Kashie Natt,Free Throw  by Idaho St.'s Kashie Natt,63,61,2,09:34,False,65,2025-12-03T23:12:52.326363
6501011_468,468,Personal Foul on Idaho St.'s Jaxson Ford (Caleb Van De Griend draws the foul),Personal Foul on Idaho St.'s Jaxson Ford (Caleb Van De Griend draws the foul),63,61,2,09:14,False,65,2025-12-03T23:12:52.326369
6501011_469,469,Subbing out for Idaho St.-Jaxson Ford,Subbing out for Idaho St.-Jaxson Ford,63,61,2,09:14,False,65,2025-12-03T23:12:52.326375
6501011_470,470,Subbing in for Idaho St.-Matt Dann,Subbing in for Idaho St.-Matt Dann,63,61,2,09:14,False,65,2025-12-03T23:12:52.326382
6501011_471,471,Free Throw  by Sam Houston's Caleb Van De Griend,Free Throw  by Sam Houston's Caleb Van De Griend,63,62,2,09:14,False,1322,2025-12-03T23:12:52.326389
6501011_472,472,Free Throw  by Sam Houston's Caleb Van De Griend,Free Throw  by Sam Houston's Caleb Van De Griend,63,63,2,09:14,False,1322,2025-12-03T23:12:52.326395
6501011_473,473,Subbing out for Sam Houston-Caleb Van De Griend,Subbing out for Sam Houston-Caleb Van De Griend,63,63,2,09:14,False,1322,2025-12-03T23:12:52.326402
6501011_474,474,Subbing in for Sam Houston-Evan Otten,Subbing in for Sam Houston-Evan Otten,63,63,2,09:14,False,1322,2025-12-03T23:12:52.326408
6501011_475,475,3 Pointer MISSED by Idaho St.'s Justin Begg,3 Pointer MISSED by Idaho St.'s Justin Begg,63,63,2,08:52,False,65,2025-12-03T23:12:52.326414
6501011_476,476,Offensive rebound by Idaho St.'s Kashie Natt,Offensive rebound by Idaho St.'s Kashie Natt,63,63,2,08:50,False,65,2025-12-03T23:12:52.326420
6501011_477,477,Personal Foul on Sam Houston's Evan Otten (Kashie Natt draws the foul),Personal Foul on Sam Houston's Evan Otten (Kashie Natt draws the foul),63,63,2,08:50,False,1322,2025-12-03T23:12:52.326427
6501011_478,478,Subbing out for Sam Houston-Evan Otten,Subbing out for Sam Houston-Evan Otten,63,63,2,08:50,False,1322,2025-12-03T23:12:52.326433
6501011_479,479,Subbing in for Sam Houston-Caleb Van De Griend,Subbing in for Sam Houston-Caleb Van De Griend,63,63,2,08:50,False,1322,2025-12-03T23:12:52.326439
6501011_480,480,Free Throw  by Idaho St.'s Kashie Natt,Free Throw  by Idaho St.'s Kashie Natt,64,63,2,08:50,False,65,2025-12-03T23:12:52.326445
6501011_481,481,Free Throw  by Idaho St.'s Kashie Natt,Free Throw  by Idaho St.'s Kashie Natt,65,63,2,08:50,False,65,2025-12-03T23:12:52.326450
6501011_482,482,Turnover by Sam Houston 's Jamison Guerra,Turnover by Sam Houston 's Jamison Guerra,65,63,2,08:30,False,1322,2025-12-03T23:12:52.326457
6501011_483,483,Commercial time out.,Commercial time out.,65,63,2,08:30,False,0,2025-12-03T23:12:52.326463
6501011_484,484,Sam Houston takes a [short] time out.,Sam Houston takes a [short] time out.,65,63,2,08:30,False,1322,2025-12-03T23:12:52.326469
6501011_485,485,Jumper MISSED by Idaho St.'s Po'Boigh King,Jumper MISSED by Idaho St.'s Po'Boigh King,65,63,2,08:15,False,65,2025-12-03T23:12:52.326476
6501011_486,486,Offensive rebound by Idaho St.'s Damon Nicholas Jr.,Offensive rebound by Idaho St.'s Damon Nicholas Jr.,65,63,2,08:09,False,65,2025-12-03T23:12:52.326482
6501011_487,487,Layup by Idaho St.'s Damon Nicholas Jr.,Layup by Idaho St.'s Damon Nicholas Jr.,67,63,2,08:06,False,65,2025-12-03T23:12:52.326488
6501011_488,488,Layup by Sam Houston's Caleb Van De Griend,Layup by Sam Houston's Caleb Van De Griend,67,65,2,07:41,False,1322,2025-12-03T23:12:52.326495
6501011_489,489,Jumper by Idaho St.'s Kashie Natt,Jumper by Idaho St.'s Kashie Natt,69,65,2,07:07,False,65,2025-12-03T23:12:52.326501
6501011_490,490,Slam Dunk by Sam Houston's Caleb Van De Griend,Slam Dunk by Sam Houston's Caleb Van De Griend,69,67,2,06:45,True,1322,2025-12-03T23:12:52.326507
6501011_491,491,Assist by Sam Houston's Martin Kheil,Assist by Sam Houston's Martin Kheil,69,67,2,06:45,False,1322,2025-12-03T23:12:52.326513
6501011_492,492,Idaho St. takes a [short] time out.,Idaho St. takes a [short] time out.,69,67,2,06:31,False,65,2025-12-03T23:12:52.326518
6501011_493,493,Commercial time out.,Commercial time out.,69,67,2,06:31,False,0,2025-12-03T23:12:52.326553
6501011_494,494,Subbing out for Sam Houston-Martin Kheil,Subbing out for Sam Houston-Martin Kheil,69,67,2,06:31,False,1322,2025-12-03T23:12:52.326572
6501011_495,495,Subbing in for Sam Houston-Lachlan Brewer,Subbing in for Sam Houston-Lachlan Brewer,69,67,2,06:31,False,1322,2025-12-03T23:12:52.326581
6501011_496,496,Subbing out for Idaho St.-Matt Dann,Subbing out for Idaho St.-Matt Dann,69,67,2,06:31,False,65,2025-12-03T23:12:52.326589
6501011_497,497,Subbing in for Idaho St.-Veljko Ilic,Subbing in for Idaho St.-Veljko Ilic,69,67,2,06:31,False,65,2025-12-03T23:12:52.326596
6501011_498,498,Jumper MISSED by Idaho St.'s Po'Boigh King,Jumper MISSED by Idaho St.'s Po'Boigh King,69,67,2,06:16,False,65,2025-12-03T23:12:52.326603
6501011_499,499,Offensive rebound by Idaho St.'s Veljko Ilic,Offensive rebound by Idaho St.'s Veljko Ilic,69,67,2,06:13,False,65,2025-12-03T23:12:52.326610
6501011_500,500,Jumper MISSED by Idaho St.'s Veljko Ilic,Jumper MISSED by Idaho St.'s Veljko Ilic,69,67,2,06:12,False,65,2025-12-03T23:12:52.326617
6501011_501,501,2 Pointer by Idaho St.'s Idaho St.,2 Pointer by Idaho St.'s Idaho St.,71,67,2,06:12,False,65,2025-12-03T23:12:52.326624
6501011_502,502,Block by Sam Houston's Caleb Van De Griend,Block by Sam Houston's Caleb Van De Griend,69,67,2,06:12,False,1322,2025-12-03T23:12:52.326631
6501011_503,503,Defensive rebound by Sam Houston's Lachlan Brewer,Defensive rebound by Sam Houston's Lachlan Brewer,69,67,2,06:07,False,1322,2025-12-03T23:12:52.326638
6501011_504,504,Slam Dunk by Sam Houston's Caleb Van De Griend,Slam Dunk by Sam Houston's Caleb Van De Griend,69,69,2,05:53,True,1322,2025-12-03T23:12:52.326645
6501011_505,505,Personal Foul on Idaho St.'s Veljko Ilic (Caleb Van De Griend draws the foul),Personal Foul on Idaho St.'s Veljko Ilic (Caleb Van De Griend draws the foul),69,69,2,05:53,False,65,2025-12-03T23:12:52.326653
6501011_506,506,Free Throw  by Sam Houston's Caleb Van De Griend,Free Throw  by Sam Houston's Caleb Van De Griend,69,70,2,05:53,False,1322,2025-12-03T23:12:52.326660
6501011_507,507,Subbing out for Idaho St.-Veljko Ilic,Subbing out for Idaho St.-Veljko Ilic,69,70,2,05:53,False,65,2025-12-03T23:12:52.326666
6501011_508,508,Subbing in for Idaho St.-Isaiah Manning,Subbing in for Idaho St.-Isaiah Manning,69,70,2,05:53,False,65,2025-12-03T23:12:52.326673
6501011_509,509,Subbing out for Sam Houston-Caleb Van De Griend,Subbing out for Sam Houston-Caleb Van De Griend,69,70,2,05:53,False,1322,2025-12-03T23:12:52.326680
6501011_510,510,Subbing in for Sam Houston-Blake Daberkow,Subbing in for Sam Houston-Blake Daberkow,69,70,2,05:53,False,1322,2025-12-03T23:12:52.326687
6501011_511,511,2 Pointer MISSED by Idaho St.'s Justin Begg,2 Pointer MISSED by Idaho St.'s Justin Begg,69,70,2,05:36,False,65,2025-12-03T23:12:52.326694
6501011_512,512,Defensive rebound by Sam Houston's Sam Houston,Defensive rebound by Sam Houston's Sam Houston,69,70,2,05:33,False,1322,2025-12-03T23:12:52.326701
6501011_513,513,Subbing out for Sam Houston-Blake Daberkow,Subbing out for Sam Houston-Blake Daberkow,69,70,2,05:33,False,1322,2025-12-03T23:12:52.326708
6501011_514,514,Subbing in for Sam Houston-Caleb Van De Griend,Subbing in for Sam Houston-Caleb Van De Griend,69,70,2,05:33,False,1322,2025-12-03T23:12:52.326714
6501011_515,515,Jumper MISSED by Sam Houston's Jamison Guerra,Jumper MISSED by Sam Houston's Jamison Guerra,69,70,2,05:09,False,1322,2025-12-03T23:12:52.326721
6501011_516,516,Defensive rebound by Idaho St.'s Idaho St.,Defensive rebound by Idaho St.'s Idaho St.,69,70,2,05:07,False,65,2025-12-03T23:12:52.326727
6501011_517,517,Subbing out for Sam Houston-Caleb Van De Griend,Subbing out for Sam Houston-Caleb Van De Griend,69,70,2,05:07,False,1322,2025-12-03T23:12:52.326734
6501011_518,518,Subbing in for Sam Houston-Blake Daberkow,Subbing in for Sam Houston-Blake Daberkow,69,70,2,05:07,False,1322,2025-12-03T23:12:52.326740
6501011_519,519,Subbing out for Idaho St.-Damon Nicholas Jr.,Subbing out for Idaho St.-Damon Nicholas Jr.,69,70,2,05:07,False,65,2025-12-03T23:12:52.326747
6501011_520,520,Subbing in for Idaho St.-Jacobe Coleman,Subbing in for Idaho St.-Jacobe Coleman,69,70,2,05:07,False,65,2025-12-03T23:12:52.326753
6501011_521,521,Jumper MISSED by Idaho St.'s Isaiah Manning,Jumper MISSED by Idaho St.'s Isaiah Manning,69,70,2,04:47,False,65,2025-12-03T23:12:52.326760
6501011_522,522,Offensive rebound by Idaho St.'s Jacobe Coleman,Offensive rebound by Idaho St.'s Jacobe Coleman,69,70,2,04:42,False,65,2025-12-03T23:12:52.326769
6501011_523,523,Layup by Idaho St.'s Jacobe Coleman,Layup by Idaho St.'s Jacobe Coleman,71,70,2,04:41,False,65,2025-12-03T23:12:52.326776
6501011_524,524,2 Pointer by Sam Houston's Lachlan Brewer,2 Pointer by Sam Houston's Lachlan Brewer,71,72,2,04:19,False,1322,2025-12-03T23:12:52.326783
6501011_525,525,Assist by Sam Houston's Blake Daberkow,Assist by Sam Houston's Blake Daberkow,71,72,2,04:19,False,1322,2025-12-03T23:12:52.326790
6501011_526,526,2 Pointer by Idaho St.'s Kashie Natt,2 Pointer by Idaho St.'s Kashie Natt,73,72,2,04:01,False,65,2025-12-03T23:12:52.326796
6501011_527,527,Personal Foul on Idaho St.'s Isaiah Manning (Jamison Guerra draws the foul),Personal Foul on Idaho St.'s Isaiah Manning (Jamison Guerra draws the foul),73,72,2,03:49,False,65,2025-12-03T23:12:52.326804
6501011_528,528,Commercial time out.,Commercial time out.,73,72,2,03:49,False,0,2025-12-03T23:12:52.326811
6501011_529,529,Subbing out for Sam Houston-Lachlan Brewer,Subbing out for Sam Houston-Lachlan Brewer,73,72,2,03:49,False,1322,2025-12-03T23:12:52.326817
6501011_530,530,Subbing out for Sam Houston-Blake Daberkow,Subbing out for Sam Houston-Blake Daberkow,73,72,2,03:49,False,1322,2025-12-03T23:12:52.326824
6501011_531,531,Subbing in for Sam Houston-Martin Kheil,Subbing in for Sam Houston-Martin Kheil,73,72,2,03:49,False,1322,2025-12-03T23:12:52.326830
6501011_532,532,Subbing in for Sam Houston-Evan Otten,Subbing in for Sam Houston-Evan Otten,73,72,2,03:49,False,1322,2025-12-03T23:12:52.326837
6501011_533,533,Free Throw  by Sam Houston's Jamison Guerra,Free Throw  by Sam Houston's Jamison Guerra,73,73,2,03:49,False,1322,2025-12-03T23:12:52.326844
6501011_534,534,Free Throw  by Sam Houston's Jamison Guerra,Free Throw  by Sam Houston's Jamison Guerra,73,74,2,03:49,False,1322,2025-12-03T23:12:52.326851
6501011_535,535,Idaho St. takes a [short] time out.,Idaho St. takes a [short] time out.,73,74,2,03:29,False,65,2025-12-03T23:12:52.326858
6501011_536,536,Subbing out for Sam Houston-Evan Otten,Subbing out for Sam Houston-Evan Otten,73,74,2,03:29,False,1322,2025-12-03T23:12:52.326864
6501011_537,537,Subbing in for Sam Houston-Lachlan Brewer,Subbing in for Sam Houston-Lachlan Brewer,73,74,2,03:29,False,1322,2025-12-03T23:12:52.326872
6501011_538,538,Subbing out for Idaho St.-Isaiah Manning,Subbing out for Idaho St.-Isaiah Manning,73,74,2,03:29,False,65,2025-12-03T23:12:52.326879
6501011_539,539,Subbing in for Idaho St.-Veljko Ilic,Subbing in for Idaho St.-Veljko Ilic,73,74,2,03:29,False,65,2025-12-03T23:12:52.326886
6501011_540,540,Turnover by Idaho St. 's Justin Begg,Turnover by Idaho St. 's Justin Begg,73,74,2,03:26,False,65,2025-12-03T23:12:52.326892
6501011_541,541,Jumper MISSED by Sam Houston's Martin Kheil,Jumper MISSED by Sam Houston's Martin Kheil,73,74,2,03:00,False,1322,2025-12-03T23:12:52.326899
6501011_542,542,Offensive rebound by Sam Houston's Connor Hollenbeck,Offensive rebound by Sam Houston's Connor Hollenbeck,73,74,2,02:56,False,1322,2025-12-03T23:12:52.326905
6501011_543,543,2 Pointer MISSED by Sam Houston's Connor Hollenbeck,2 Pointer MISSED by Sam Houston's Connor Hollenbeck,73,74,2,02:55,False,1322,2025-12-03T23:12:52.326912
6501011_544,544,Defensive rebound by Idaho St.'s Kashie Natt,Defensive rebound by Idaho St.'s Kashie Natt,73,74,2,02:52,False,65,2025-12-03T23:12:52.326918
6501011_545,545,2 Pointer by Idaho St.'s Kashie Natt,2 Pointer by Idaho St.'s Kashie Natt,75,74,2,02:51,False,65,2025-12-03T23:12:52.326925
6501011_546,546,Sam Houston takes a [short] time out.,Sam Houston takes a [short] time out.,75,74,2,02:46,False,1322,2025-12-03T23:12:52.326931
6501011_547,547,Subbing out for Sam Houston-Cheikh Sow,Subbing out for Sam Houston-Cheikh Sow,75,74,2,02:46,False,1322,2025-12-03T23:12:52.326938
6501011_548,548,Subbing in for Sam Houston-Caleb Van De Griend,Subbing in for Sam Houston-Caleb Van De Griend,75,74,2,02:46,False,1322,2025-12-03T23:12:52.326944
6501011_549,549,Subbing out for Idaho St.-Jacobe Coleman,Subbing out for Idaho St.-Jacobe Coleman,75,74,2,02:46,False,65,2025-12-03T23:12:52.326951
6501011_550,550,Subbing out for Idaho St.-Veljko Ilic,Subbing out for Idaho St.-Veljko Ilic,75,74,2,02:46,False,65,2025-12-03T23:12:52.326957
6501011_551,551,Subbing in for Idaho St.-Isaiah Manning,Subbing in for Idaho St.-Isaiah Manning,75,74,2,02:46,False,65,2025-12-03T23:12:52.326963
6501011_552,552,Subbing in for Idaho St.-Damon Nicholas Jr.,Subbing in for Idaho St.-Damon Nicholas Jr.,75,74,2,02:46,False,65,2025-12-03T23:12:52.326969
6501011_553,553,Jumper MISSED by Sam Houston's Caleb Van De Griend,Jumper MISSED by Sam Houston's Caleb Van De Griend,75,74,2,02:22,False,1322,2025-12-03T23:12:52.326975
6501011_554,554,Sam Houston gets a rebound from a dead ball.,Sam Houston gets a rebound from a dead ball.,75,74,2,02:20,False,1322,2025-12-03T23:12:52.326982
6501011_555,555,Personal Foul on Idaho St.'s Po'Boigh King (Connor Hollenbeck draws the foul),Personal Foul on Idaho St.'s Po'Boigh King (Connor Hollenbeck draws the foul),75,74,2,02:20,False,65,2025-12-03T23:12:52.326988
6501011_556,556,Free Throw MISSED  by Sam Houston's Connor Hollenbeck,Free Throw MISSED  by Sam Houston's Connor Hollenbeck,75,74,2,02:20,False,1322,2025-12-03T23:12:52.326994
6501011_557,557,Sam Houston gets a rebound from a dead ball.,Sam Houston gets a rebound from a dead ball.,75,74,2,02:20,False,1322,2025-12-03T23:12:52.327001
6501011_558,558,Subbing out for Sam Houston-Lachlan Brewer,Subbing out for Sam Houston-Lachlan Brewer,75,74,2,02:20,False,1322,2025-12-03T23:12:52.327007
6501011_559,559,Subbing out for Sam Houston-Caleb Van De Griend,Subbing out for Sam Houston-Caleb Van De Griend,75,74,2,02:20,False,1322,2025-12-03T23:12:52.327014
6501011_560,560,Subbing in for Sam Houston-Cheikh Sow,Subbing in for Sam Houston-Cheikh Sow,75,74,2,02:20,False,1322,2025-12-03T23:12:52.327020
6501011_561,561,Subbing in for Sam Houston-Evan Otten,Subbing in for Sam Houston-Evan Otten,75,74,2,02:20,False,1322,2025-12-03T23:12:52.327027
6501011_562,562,Subbing out for Idaho St.-Damon Nicholas Jr.,Subbing out for Idaho St.-Damon Nicholas Jr.,75,74,2,02:20,False,65,2025-12-03T23:12:52.327033
6501011_563,563,Subbing in for Idaho St.-Jacobe Coleman,Subbing in for Idaho St.-Jacobe Coleman,75,74,2,02:20,False,65,2025-12-03T23:12:52.327039
6501011_564,564,Free Throw  by Sam Houston's Connor Hollenbeck,Free Throw  by Sam Houston's Connor Hollenbeck,75,75,2,02:20,False,1322,2025-12-03T23:12:52.327045
6501011_565,565,Turnover by Idaho St. 's Justin Begg,Turnover by Idaho St. 's Justin Begg,75,75,2,02:11,False,65,2025-12-03T23:12:52.327051
6501011_566,566,Steal by Sam Houston's Jamison Guerra,Steal by Sam Houston's Jamison Guerra,75,75,2,02:11,False,1322,2025-12-03T23:12:52.327057
6501011_567,567,Subbing out for Sam Houston-Evan Otten,Subbing out for Sam Houston-Evan Otten,75,75,2,02:11,False,1322,2025-12-03T23:12:52.327063
6501011_568,568,Subbing in for Sam Houston-Caleb Van De Griend,Subbing in for Sam Houston-Caleb Van De Griend,75,75,2,02:11,False,1322,2025-12-03T23:12:52.327069
6501011_569,569,Subbing out for Idaho St.-Jacobe Coleman,Subbing out for Idaho St.-Jacobe Coleman,75,75,2,02:11,False,65,2025-12-03T23:12:52.327076
6501011_570,570,Subbing in for Idaho St.-Damon Nicholas Jr.,Subbing in for Idaho St.-Damon Nicholas Jr.,75,75,2,02:11,False,65,2025-12-03T23:12:52.327082
6501011_571,571,Subbing out for Idaho St.-Po'Boigh King,Subbing out for Idaho St.-Po'Boigh King,75,75,2,02:11,False,65,2025-12-03T23:12:52.327088
6501011_572,572,Personal Foul on Idaho St.'s Jacobe Coleman (Cheikh Sow draws the foul),Personal Foul on Idaho St.'s Jacobe Coleman (Cheikh Sow draws the foul),75,75,2,01:48,False,65,2025-12-03T23:12:52.327095
6501011_573,573,Free Throw MISSED  by Sam Houston's Cheikh Sow,Free Throw MISSED  by Sam Houston's Cheikh Sow,75,75,2,01:48,False,1322,2025-12-03T23:12:52.327101
6501011_574,574,Sam Houston gets a rebound from a dead ball.,Sam Houston gets a rebound from a dead ball.,75,75,2,01:48,False,1322,2025-12-03T23:12:52.327107
6501011_575,575,Subbing out for Sam Houston-Caleb Van De Griend,Subbing out for Sam Houston-Caleb Van De Griend,75,75,2,01:48,False,1322,2025-12-03T23:12:52.327113
6501011_576,576,Subbing in for Sam Houston-Evan Otten,Subbing in for Sam Houston-Evan Otten,75,75,2,01:48,False,1322,2025-12-03T23:12:52.327120
6501011_577,577,Subbing out for Idaho St.-Isaiah Manning,Subbing out for Idaho St.-Isaiah Manning,75,75,2,01:48,False,65,2025-12-03T23:12:52.327126
6501011_578,578,Subbing out for Idaho St.-Jacobe Coleman,Subbing out for Idaho St.-Jacobe Coleman,75,75,2,01:48,False,65,2025-12-03T23:12:52.327132
6501011_579,579,Subbing in for Idaho St.-Veljko Ilic,Subbing in for Idaho St.-Veljko Ilic,75,75,2,01:48,False,65,2025-12-03T23:12:52.327139
6501011_580,580,Subbing in for Idaho St.-Po'Boigh King,Subbing in for Idaho St.-Po'Boigh King,75,75,2,01:48,False,65,2025-12-03T23:12:52.327145
6501011_581,581,Free Throw  by Sam Houston's Cheikh Sow,Free Throw  by Sam Houston's Cheikh Sow,75,76,2,01:48,False,1322,2025-12-03T23:12:52.327151
6501011_582,582,2 Pointer by Idaho St.'s Veljko Ilic,2 Pointer by Idaho St.'s Veljko Ilic,77,76,2,01:31,False,65,2025-12-03T23:12:52.327158
6501011_583,583,Personal Foul on Idaho St.'s Kashie Natt (Jamison Guerra draws the foul),Personal Foul on Idaho St.'s Kashie Natt (Jamison Guerra draws the foul),77,76,2,01:08,False,65,2025-12-03T23:12:52.327164
6501011_584,584,Free Throw  by Sam Houston's Jamison Guerra,Free Throw  by Sam Houston's Jamison Guerra,77,77,2,01:08,False,1322,2025-12-03T23:12:52.327171
6501011_585,585,Free Throw  by Sam Houston's Jamison Guerra,Free Throw  by Sam Houston's Jamison Guerra,77,78,2,01:08,False,1322,2025-12-03T23:12:52.327177
6501011_586,586,Jumper MISSED by Idaho St.'s Justin Begg,Jumper MISSED by Idaho St.'s Justin Begg,77,78,2,00:56,False,65,2025-12-03T23:12:52.327183
6501011_587,587,Defensive rebound by Sam Houston's Evan Otten,Defensive rebound by Sam Houston's Evan Otten,77,78,2,00:53,False,1322,2025-12-03T23:12:52.327190
6501011_588,588,Personal Foul on Idaho St.'s Damon Nicholas Jr. (Evan Otten draws the foul),Personal Foul on Idaho St.'s Damon Nicholas Jr. (Evan Otten draws the foul),77,78,2,00:53,False,65,2025-12-03T23:12:52.327197
6501011_589,589,Free Throw MISSED  by Sam Houston's Evan Otten,Free Throw MISSED  by Sam Houston's Evan Otten,77,78,2,00:53,False,1322,2025-12-03T23:12:52.327203
6501011_590,590,Sam Houston gets a rebound from a dead ball.,Sam Houston gets a rebound from a dead ball.,77,78,2,00:53,False,1322,2025-12-03T23:12:52.327210
6501011_591,591,Free Throw MISSED  by Sam Houston's Evan Otten,Free Throw MISSED  by Sam Houston's Evan Otten,77,78,2,00:53,False,1322,2025-12-03T23:12:52.327216
6501011_592,592,Defensive rebound by Idaho St.'s Veljko Ilic,Defensive rebound by Idaho St.'s Veljko Ilic,77,78,2,00:51,False,65,2025-12-03T23:12:52.327222
6501011_593,593,Jumper by Idaho St.'s Damon Nicholas Jr.,Jumper by Idaho St.'s Damon Nicholas Jr.,80,78,2,00:35,False,65,2025-12-03T23:12:52.327228
6501011_594,594,Assist by Idaho St.'s Justin Begg,Assist by Idaho St.'s Justin Begg,80,78,2,00:35,False,65,2025-12-03T23:12:52.327235
6501011_595,595,Sam Houston takes a [full] time out.,Sam Houston takes a [full] time out.,80,78,2,00:28,False,1322,2025-12-03T23:12:52.327242
6501011_596,596,Subbing out for Sam Houston-Evan Otten,Subbing out for Sam Houston-Evan Otten,80,78,2,00:28,False,1322,2025-12-03T23:12:52.327248
6501011_597,597,Subbing in for Sam Houston-Caleb Van De Griend,Subbing in for Sam Houston-Caleb Van De Griend,80,78,2,00:28,False,1322,2025-12-03T23:12:52.327255
6501011_598,598,Subbing out for Idaho St.-Po'Boigh King,Subbing out for Idaho St.-Po'Boigh King,80,78,2,00:28,False,65,2025-12-03T23:12:52.327262
6501011_599,599,Subbing in for Idaho St.-Jacobe Coleman,Subbing in for Idaho St.-Jacobe Coleman,80,78,2,00:28,False,65,2025-12-03T23:12:52.327269
6501011_600,600,Jumper MISSED by Sam Houston's Connor Hollenbeck,Jumper MISSED by Sam Houston's Connor Hollenbeck,80,78,2,00:12,False,1322,2025-12-03T23:12:52.327276
6501011_601,601,Defensive rebound by Idaho St.'s Idaho St.,Defensive rebound by Idaho St.'s Idaho St.,80,78,2,00:11,False,65,2025-12-03T23:12:52.327282
6501011_602,602,Subbing out for Sam Houston-Caleb Van De Griend,Subbing out for Sam Houston-Caleb Van De Griend,80,78,2,00:11,False,1322,2025-12-03T23:12:52.327288
6501011_603,603,Subbing in for Sam Houston-Evan Otten,Subbing in for Sam Houston-Evan Otten,80,78,2,00:11,False,1322,2025-12-03T23:12:52.327296
6501011_604,604,Subbing out for Idaho St.-Veljko Ilic,Subbing out for Idaho St.-Veljko Ilic,80,78,2,00:11,False,65,2025-12-03T23:12:52.327302
6501011_605,605,Subbing in for Idaho St.-Po'Boigh King,Subbing in for Idaho St.-Po'Boigh King,80,78,2,00:11,False,65,2025-12-03T23:12:52.327309
6501011_606,606,Personal Foul on Sam Houston's Jamison Guerra (Po'Boigh King draws the foul),Personal Foul on Sam Houston's Jamison Guerra (Po'Boigh King draws the foul),80,78,2,00:09,False,1322,2025-12-03T23:12:52.327315
6501011_607,607,Foul on Idaho St.'sIdaho St.,Foul on Idaho St.'sIdaho St.,80,78,2,00:09,False,65,2025-12-03T23:12:52.327322
6501011_608,608,Free Throw  by Idaho St.'s Po'Boigh King,Free Throw  by Idaho St.'s Po'Boigh King,81,78,2,00:09,False,65,2025-12-03T23:12:52.327328
6501011_609,609,Subbing out for Sam Houston-Cheikh Sow,Subbing out for Sam Houston-Cheikh Sow,81,78,2,00:09,False,1322,2025-12-03T23:12:52.327335
6501011_610,610,Subbing out for Sam Houston-Evan Otten,Subbing out for Sam Houston-Evan Otten,81,78,2,00:09,False,1322,2025-12-03T23:12:52.327341
6501011_611,611,Subbing in for Sam Houston-Lachlan Brewer,Subbing in for Sam Houston-Lachlan Brewer,81,78,2,00:09,False,1322,2025-12-03T23:12:52.327347
6501011_612,612,Subbing in for Sam Houston-Caleb Van De Griend,Subbing in for Sam Houston-Caleb Van De Griend,81,78,2,00:09,False,1322,2025-12-03T23:12:52.327385
6501011_613,613,Free Throw  by Idaho St.'s Po'Boigh King,Free Throw  by Idaho St.'s Po'Boigh King,82,78,2,00:09,False,65,2025-12-03T23:12:52.327404
6501011_614,614,Jumper by Sam Houston's Connor Hollenbeck,Jumper by Sam Houston's Connor Hollenbeck,82,81,2,00:02,False,1322,2025-12-03T23:12:52.327415
6501011_615,615,Assist by Sam Houston's Jamison Guerra,Assist by Sam Houston's Jamison Guerra,82,81,2,00:02,False,1322,2025-12-03T23:12:52.327422
6501011_616,616,Personal Foul on Sam Houston's Lachlan Brewer (Justin Begg draws the foul),Personal Foul on Sam Houston's Lachlan Brewer (Justin Begg draws the foul),82,81,2,00:01,False,1322,2025-12-03T23:12:52.327430
6501011_617,617,Free Throw  by Idaho St.'s Justin Begg,Free Throw  by Idaho St.'s Justin Begg,83,81,2,00:01,False,65,2025-12-03T23:12:52.327437
6501011_618,618,Subbing out for Idaho St.-Po'Boigh King,Subbing out for Idaho St.-Po'Boigh King,83,81,2,00:01,False,65,2025-12-03T23:12:52.327444
6501011_619,619,Subbing in for Idaho St.-Veljko Ilic,Subbing in for Idaho St.-Veljko Ilic,83,81,2,00:01,False,65,2025-12-03T23:12:52.327452
6501011_620,620,Free Throw  by Idaho St.'s Justin Begg,Free Throw  by Idaho St.'s Justin Begg,84,81,2,00:01,False,65,2025-12-03T23:12:52.327459
6501011_621,621,Jumper MISSED by Sam Houston's Martin Kheil,Jumper MISSED by Sam Houston's Martin Kheil,84,81,2,00:00,False,1322,2025-12-03T23:12:52.327466
6501011_622,622,Idaho St. gets a rebound from a dead ball.,Idaho St. gets a rebound from a dead ball.,84,81,2,00:00,False,65,2025-12-03T23:12:52.327473
6501011_623,623,End of 2nd Half.,End of 2nd Half.,84,81,2,00:00,False,65,2025-12-03T23:12:52.327480
