play_id,sequence_number,type,description,away_score,home_score,period,clock,scoring_play,team_id,timestamp_utc
401829495113765632,113765632,Jumpball,Start game,0,0,1st Half,20:00,False,,2025-11-06T00:03:04Z
401829495113765635,113765635,Jumpball,Jump Ball won by James Madison,0,0,1st Half,19:59,False,256,2025-11-06T00:03:04Z
401829495113765637,113765637,Jumpball,Jump Ball lost by Washington and Lee,0,0,1st Half,19:59,False,2688,2025-11-06T00:03:04Z
401829495113765690,113765690,JumpShot,Cliff Davis missed Three Point Jumper.,0,0,1st Half,19:44,False,256,2025-11-06T00:03:31Z
401829495113765726,113765726,Defensive Rebound,Washington and Lee Defensive Rebound.,0,0,1st Half,19:44,False,2688,2025-11-06T00:03:37Z
401829495113765727,113765727,LayUpShot,Colin Ryan missed Layup.,0,0,1st Half,19:30,False,2688,2025-11-06T00:03:45Z
401829495113765747,113765747,Defensive Rebound,Justin McBride Defensive Rebound.,0,0,1st Half,19:26,False,256,2025-11-06T00:03:48Z
401829495113765749,113765749,LayUpShot,Gabe Newhof made Layup. Assisted by Justin McBride.,0,2,1st Half,19:19,True,256,2025-11-06T00:03:55Z
401829495113765818,113765818,JumpShot,John Loughlin missed Three Point Jumper.,0,2,1st Half,18:56,False,2688,2025-11-06T00:04:18Z
401829495113765820,113765820,Defensive Rebound,Bradley Douglas Defensive Rebound.,0,2,1st Half,18:53,False,256,2025-11-06T00:04:21Z
401829495113765840,113765840,JumpShot,Bradley Douglas missed Three Point Jumper.,0,2,1st Half,18:42,False,256,2025-11-06T00:04:35Z
401829495113765857,113765857,Defensive Rebound,Addison Newkirk Defensive Rebound.,0,2,1st Half,18:35,False,2688,2025-11-06T00:04:39Z
401829495113765859,113765859,JumpShot,Addison Newkirk missed Three Point Jumper.,0,2,1st Half,18:32,False,2688,2025-11-06T00:04:43Z
401829495113765869,113765869,Offensive Rebound,Connor Amorosi Offensive Rebound.,0,2,1st Half,18:27,False,2688,2025-11-06T00:04:47Z
401829495113765870,113765870,LayUpShot,Connor Amorosi missed Layup.,0,2,1st Half,18:25,False,2688,2025-11-06T00:04:50Z
401829495113765871,113765871,Defensive Rebound,Justin McBride Defensive Rebound.,0,2,1st Half,18:21,False,256,2025-11-06T00:04:53Z
401829495113765913,113765913,JumpShot,Eddie Ricks III missed Three Point Jumper.,0,2,1st Half,18:10,False,256,2025-11-06T00:05:05Z
401829495113765969,113765969,Defensive Rebound,Jackson Ransom Defensive Rebound.,0,2,1st Half,18:04,False,2688,2025-11-06T00:05:25Z
401829495113766029,113766029,Substitution,Gabe Newhof subbing out for James Madison,0,2,1st Half,18:04,False,256,2025-11-06T00:05:44Z
401829495113766030,113766030,Substitution,Christian Brown subbing in for James Madison,0,2,1st Half,18:04,False,256,2025-11-06T00:05:44Z
401829495113766060,113766060,JumpShot,John Loughlin missed Three Point Jumper.,0,2,1st Half,18:04,False,2688,2025-11-06T00:05:47Z
401829495113766062,113766062,Defensive Rebound,Christian Brown Defensive Rebound.,0,2,1st Half,18:04,False,256,2025-11-06T00:05:51Z
401829495113766063,113766063,JumpShot,Justin McBride missed Jumper.,0,2,1st Half,18:04,False,256,2025-11-06T00:05:55Z
401829495113766090,113766090,Defensive Rebound,John Loughlin Defensive Rebound.,0,2,1st Half,18:04,False,2688,2025-11-06T00:05:58Z
401829495113766094,113766094,JumpShot,Jackson Ransom missed Three Point Jumper.,0,2,1st Half,18:04,False,2688,2025-11-06T00:06:02Z
401829495113766096,113766096,Defensive Rebound,Cliff Davis Defensive Rebound.,0,2,1st Half,18:04,False,256,2025-11-06T00:06:05Z
401829495113766148,113766148,JumpShot,Eddie Ricks III missed Three Point Jumper.,0,2,1st Half,18:04,False,256,2025-11-06T00:06:20Z
401829495113766150,113766150,Offensive Rebound,Justin McBride Offensive Rebound.,0,2,1st Half,18:04,False,256,2025-11-06T00:06:23Z
401829495113766151,113766151,JumpShot,Bradley Douglas missed Three Point Jumper.,0,2,1st Half,18:04,False,256,2025-11-06T00:06:26Z
401829495113766179,113766179,Defensive Rebound,Colin Ryan Defensive Rebound.,0,2,1st Half,18:04,False,2688,2025-11-06T00:06:28Z
401829495113766194,113766194,LayUpShot,Jackson Ransom missed Layup.,0,2,1st Half,16:58,False,2688,2025-11-06T00:06:38Z
401829495113766196,113766196,Block Shot,Christian Brown Block.,0,2,1st Half,16:58,False,256,2025-11-06T00:06:38Z
401829495113766198,113766198,Defensive Rebound,Eddie Ricks III Defensive Rebound.,0,2,1st Half,16:51,False,256,2025-11-06T00:06:43Z
401829495113766217,113766217,LayUpShot,Eddie Ricks III missed Layup.,0,2,1st Half,16:51,False,256,2025-11-06T00:06:46Z
401829495113766219,113766219,Defensive Rebound,Washington and Lee Defensive Rebound.,0,2,1st Half,16:51,False,2688,2025-11-06T00:06:50Z
401829495113766277,113766277,Substitution,Bradley Douglas subbing out for James Madison,0,2,1st Half,16:51,False,256,2025-11-06T00:07:13Z
401829495113766278,113766278,Substitution,Eddie Ricks III subbing out for James Madison,0,2,1st Half,16:51,False,256,2025-11-06T00:07:13Z
401829495113766280,113766280,Substitution,Paul Lewis subbing in for James Madison,0,2,1st Half,16:51,False,256,2025-11-06T00:07:13Z
401829495113766283,113766283,Substitution,Preston Fowler subbing in for James Madison,0,2,1st Half,16:51,False,256,2025-11-06T00:07:13Z
401829495113766285,113766285,Substitution,Jackson Ransom subbing out for Washington and Lee,0,2,1st Half,16:51,False,2688,2025-11-06T00:07:13Z
401829495113766288,113766288,Substitution,John Loughlin subbing out for Washington and Lee,0,2,1st Half,16:51,False,2688,2025-11-06T00:07:13Z
401829495113766291,113766291,Substitution,A.J. Thomas subbing in for Washington and Lee,0,2,1st Half,16:51,False,2688,2025-11-06T00:07:13Z
401829495113766293,113766293,Substitution,Bryce Breeden subbing in for Washington and Lee,0,2,1st Half,16:51,False,2688,2025-11-06T00:07:13Z
401829495113766306,113766306,LayUpShot,Colin Ryan made Layup.,2,2,1st Half,16:29,True,2688,2025-11-06T00:07:23Z
401829495113766313,113766313,JumpShot,Preston Fowler missed Three Point Jumper.,2,2,1st Half,16:19,False,256,2025-11-06T00:07:34Z
401829495113766352,113766352,Defensive Rebound,Bryce Breeden Defensive Rebound.,2,2,1st Half,16:15,False,2688,2025-11-06T00:07:37Z
401829495113766370,113766370,Substitution,Cliff Davis subbing out for James Madison,2,2,1st Half,16:12,False,256,2025-11-06T00:07:54Z
401829495113766373,113766373,Substitution,Paul Jones III subbing in for James Madison,2,2,1st Half,16:12,False,256,2025-11-06T00:07:54Z
401829495113766375,113766375,Substitution,Addison Newkirk subbing out for Washington and Lee,2,2,1st Half,16:12,False,2688,2025-11-06T00:07:54Z
401829495113766377,113766377,Substitution,Daniel Buttemere subbing in for Washington and Lee,2,2,1st Half,16:12,False,2688,2025-11-06T00:07:54Z
401829495113766428,113766428,JumpShot,Connor Amorosi missed Three Point Jumper.,2,2,1st Half,16:05,False,2688,2025-11-06T00:08:14Z
401829495113766440,113766440,Block Shot,Christian Brown Block.,2,2,1st Half,16:05,False,256,2025-11-06T00:08:14Z
401829495113766442,113766442,Defensive Rebound,Preston Fowler Defensive Rebound.,2,2,1st Half,16:00,False,256,2025-11-06T00:08:17Z
401829495113766444,113766444,LayUpShot,Justin McBride missed Layup.,2,2,1st Half,15:57,False,256,2025-11-06T00:08:21Z
401829495113766446,113766446,Offensive Rebound,Justin McBride Offensive Rebound.,2,2,1st Half,15:53,False,256,2025-11-06T00:08:24Z
401829495113766463,113766463,JumpShot,Preston Fowler missed Three Point Jumper.,2,2,1st Half,15:51,False,256,2025-11-06T00:08:27Z
401829495113766466,113766466,Offensive Rebound,Christian Brown Offensive Rebound.,2,2,1st Half,15:46,False,256,2025-11-06T00:08:32Z
401829495113766467,113766467,TipShot,Christian Brown made Two Point Tip Shot.,2,4,1st Half,15:46,True,256,2025-11-06T00:08:32Z
401829495113766485,113766485,Lost Ball Turnover,Colin Ryan Turnover.,2,4,1st Half,15:35,False,2688,2025-11-06T00:08:43Z
401829495113766534,113766534,Steal,Christian Brown Steal.,2,4,1st Half,15:35,False,256,2025-11-06T00:08:43Z
401829495113766536,113766536,JumpShot,Paul Lewis missed Three Point Jumper.,2,4,1st Half,15:29,False,256,2025-11-06T00:08:49Z
401829495113766537,113766537,Offensive Rebound,Christian Brown Offensive Rebound.,2,4,1st Half,15:25,False,256,2025-11-06T00:08:52Z
401829495113766538,113766538,LayUpShot,Christian Brown made Layup.,2,6,1st Half,15:24,True,256,2025-11-06T00:08:54Z
401829495113766595,113766595,JumpShot,Colin Ryan made Jumper.,4,6,1st Half,15:05,True,2688,2025-11-06T00:09:14Z
401829495113766614,113766614,JumpShot,Justin McBride missed Three Point Jumper.,4,6,1st Half,14:52,False,256,2025-11-06T00:09:26Z
401829495113766647,113766647,Offensive Rebound,Christian Brown Offensive Rebound.,4,6,1st Half,14:47,False,256,2025-11-06T00:09:33Z
401829495113766657,113766657,PersonalFoul,Foul on Connor Amorosi.,4,6,1st Half,14:47,False,2688,2025-11-06T00:09:35Z
401829495113766704,113766704,OfficialTVTimeOut,Official TV Timeout,4,6,1st Half,14:47,False,,2025-11-06T00:09:48Z
401829495113767122,113767122,Substitution,Justin McBride subbing out for James Madison,4,6,1st Half,14:47,False,256,2025-11-06T00:12:17Z
401829495113767123,113767123,Substitution,Justin Taylor subbing in for James Madison,4,6,1st Half,14:47,False,256,2025-11-06T00:12:17Z
401829495113767124,113767124,MadeFreeThrow,Christian Brown missed Free Throw.,4,6,1st Half,14:47,False,256,2025-11-06T00:12:21Z
401829495113767147,113767147,Dead Ball Rebound,James Madison Deadball Team Rebound.,4,6,1st Half,14:47,False,256,2025-11-06T00:12:21Z
401829495113767164,113767164,MadeFreeThrow,Christian Brown made Free Throw.,4,7,1st Half,14:47,True,256,2025-11-06T00:12:28Z
401829495113767206,113767206,Substitution,Christian Brown subbing out for James Madison,4,7,1st Half,14:47,False,256,2025-11-06T00:12:44Z
401829495113767207,113767207,Substitution,Eli Wilborn subbing in for James Madison,4,7,1st Half,14:47,False,256,2025-11-06T00:12:44Z
401829495113767210,113767210,Substitution,Colin Ryan subbing out for Washington and Lee,4,7,1st Half,14:47,False,2688,2025-11-06T00:12:44Z
401829495113767212,113767212,Substitution,Connor Amorosi subbing out for Washington and Lee,4,7,1st Half,14:47,False,2688,2025-11-06T00:12:44Z
401829495113767213,113767213,Substitution,Ari Hobson subbing in for Washington and Lee,4,7,1st Half,14:47,False,2688,2025-11-06T00:12:44Z
401829495113767214,113767214,Substitution,Conor Roberton subbing in for Washington and Lee,4,7,1st Half,14:47,False,2688,2025-11-06T00:12:44Z
401829495113767240,113767240,LayUpShot,Daniel Buttemere missed Layup.,4,7,1st Half,14:30,False,2688,2025-11-06T00:12:57Z
401829495113767242,113767242,Block Shot,Justin Taylor Block.,4,7,1st Half,14:30,False,256,2025-11-06T00:12:57Z
401829495113767244,113767244,Defensive Rebound,Paul Lewis Defensive Rebound.,4,7,1st Half,14:27,False,256,2025-11-06T00:13:00Z
401829495113767324,113767324,JumpShot,Paul Jones III missed Three Point Jumper.,4,7,1st Half,14:08,False,256,2025-11-06T00:13:19Z
401829495113767326,113767326,Defensive Rebound,Bryce Breeden Defensive Rebound.,4,7,1st Half,14:05,False,2688,2025-11-06T00:13:22Z
401829495113767338,113767338,Lost Ball Turnover,Conor Roberton Turnover.,4,7,1st Half,13:52,False,2688,2025-11-06T00:13:36Z
401829495113767389,113767389,Steal,Paul Jones III Steal.,4,7,1st Half,13:52,False,256,2025-11-06T00:13:36Z
401829495113767391,113767391,LayUpShot,Paul Jones III missed Layup.,4,7,1st Half,13:46,False,256,2025-11-06T00:13:41Z
401829495113767405,113767405,Defensive Rebound,Washington and Lee Defensive Rebound.,4,7,1st Half,13:46,False,2688,2025-11-06T00:13:51Z
401829495113767422,113767422,Substitution,Bryce Breeden subbing out for Washington and Lee,4,7,1st Half,13:46,False,2688,2025-11-06T00:14:05Z
401829495113767423,113767423,Substitution,Colin Ryan subbing in for Washington and Lee,4,7,1st Half,13:46,False,2688,2025-11-06T00:14:05Z
401829495113767479,113767479,Substitution,Daniel Buttemere subbing out for Washington and Lee,4,7,1st Half,13:29,False,2688,2025-11-06T00:14:22Z
401829495113767480,113767480,Substitution,Conor Roberton subbing out for Washington and Lee,4,7,1st Half,13:29,False,2688,2025-11-06T00:14:22Z
401829495113767481,113767481,Substitution,Bryce Breeden subbing in for Washington and Lee,4,7,1st Half,13:29,False,2688,2025-11-06T00:14:22Z
401829495113767482,113767482,Substitution,Connor Amorosi subbing in for Washington and Lee,4,7,1st Half,13:29,False,2688,2025-11-06T00:14:22Z
401829495113767518,113767518,JumpShot,Connor Amorosi made Jumper.,6,7,1st Half,13:19,True,2688,2025-11-06T00:14:27Z
401829495113767566,113767566,JumpShot,Paul Lewis missed Jumper.,6,7,1st Half,13:00,False,256,2025-11-06T00:14:45Z
401829495113767585,113767585,Offensive Rebound,Preston Fowler Offensive Rebound.,6,7,1st Half,12:57,False,256,2025-11-06T00:14:48Z
401829495113767607,113767607,JumpShot,Paul Jones III missed Three Point Jumper.,6,7,1st Half,12:55,False,256,2025-11-06T00:14:50Z
401829495113767609,113767609,Defensive Rebound,Colin Ryan Defensive Rebound.,6,7,1st Half,12:52,False,2688,2025-11-06T00:14:53Z
401829495113767651,113767651,LayUpShot,Bryce Breeden missed Layup.,6,7,1st Half,12:42,False,2688,2025-11-06T00:15:03Z
401829495113767654,113767654,Defensive Rebound,Paul Jones III Defensive Rebound.,6,7,1st Half,12:39,False,256,2025-11-06T00:15:05Z
401829495113767694,113767694,LayUpShot,Paul Jones III made Layup.,6,9,1st Half,12:35,True,256,2025-11-06T00:15:11Z
401829495113767715,113767715,PersonalFoul,Foul on Connor Amorosi.,6,9,1st Half,12:35,False,2688,2025-11-06T00:15:17Z
401829495113767764,113767764,Substitution,Paul Lewis subbing out for James Madison,6,9,1st Half,12:35,False,256,2025-11-06T00:15:45Z
401829495113767786,113767786,Substitution,Preston Fowler subbing out for James Madison,6,9,1st Half,12:35,False,256,2025-11-06T00:15:45Z
401829495113767787,113767787,Substitution,Bradley Douglas subbing in for James Madison,6,9,1st Half,12:35,False,256,2025-11-06T00:15:45Z
401829495113767788,113767788,Substitution,Eddie Ricks III subbing in for James Madison,6,9,1st Half,12:35,False,256,2025-11-06T00:15:45Z
401829495113767791,113767791,Substitution,A.J. Thomas subbing out for Washington and Lee,6,9,1st Half,12:35,False,2688,2025-11-06T00:15:45Z
401829495113767792,113767792,Substitution,Bryce Breeden subbing out for Washington and Lee,6,9,1st Half,12:35,False,2688,2025-11-06T00:15:45Z
401829495113767795,113767795,Substitution,John Loughlin subbing in for Washington and Lee,6,9,1st Half,12:35,False,2688,2025-11-06T00:15:45Z
401829495113767797,113767797,Substitution,Addison Newkirk subbing in for Washington and Lee,6,9,1st Half,12:35,False,2688,2025-11-06T00:15:45Z
401829495113767817,113767817,MadeFreeThrow,Paul Jones III missed Free Throw.,6,9,1st Half,12:35,False,256,2025-11-06T00:15:47Z
401829495113767819,113767819,Defensive Rebound,Addison Newkirk Defensive Rebound.,6,9,1st Half,12:32,False,2688,2025-11-06T00:15:51Z
401829495113767851,113767851,JumpShot,Connor Amorosi made Jumper.,8,9,1st Half,12:17,True,2688,2025-11-06T00:16:01Z
401829495113767986,113767986,LayUpShot,Eli Wilborn made Layup. Assisted by Bradley Douglas.,8,11,1st Half,11:41,True,256,2025-11-06T00:16:37Z
401829495113768031,113768031,PersonalFoul,Foul on Eli Wilborn.,8,11,1st Half,11:21,False,256,2025-11-06T00:17:01Z
401829495113768074,113768074,OfficialTVTimeOut,Official TV Timeout,8,11,1st Half,11:21,False,,2025-11-06T00:17:14Z
401829495113768417,113768417,Substitution,Paul Jones III subbing out for James Madison,8,11,1st Half,11:21,False,256,2025-11-06T00:19:15Z
401829495113768418,113768418,Substitution,Justin Taylor subbing out for James Madison,8,11,1st Half,11:21,False,256,2025-11-06T00:19:15Z
401829495113768419,113768419,Substitution,Eli Wilborn subbing out for James Madison,8,11,1st Half,11:21,False,256,2025-11-06T00:19:15Z
401829495113768421,113768421,Substitution,Cliff Davis subbing in for James Madison,8,11,1st Half,11:21,False,256,2025-11-06T00:19:15Z
401829495113768424,113768424,Substitution,Justin McBride subbing in for James Madison,8,11,1st Half,11:21,False,256,2025-11-06T00:19:15Z
401829495113768446,113768446,Substitution,Gabe Newhof subbing in for James Madison,8,11,1st Half,11:21,False,256,2025-11-06T00:19:15Z
401829495113768448,113768448,Substitution,Ari Hobson subbing out for Washington and Lee,8,11,1st Half,11:21,False,2688,2025-11-06T00:19:15Z
401829495113768450,113768450,Substitution,Jackson Ransom subbing in for Washington and Lee,8,11,1st Half,11:21,False,2688,2025-11-06T00:19:15Z
401829495113768472,113768472,LayUpShot,Colin Ryan made Layup. Assisted by Connor Amorosi.,10,11,1st Half,11:15,True,2688,2025-11-06T00:19:32Z
401829495113768483,113768483,JumpShot,Cliff Davis missed Three Point Jumper.,10,11,1st Half,11:02,False,256,2025-11-06T00:19:45Z
401829495113768515,113768515,Offensive Rebound,Gabe Newhof Offensive Rebound.,10,11,1st Half,10:59,False,256,2025-11-06T00:19:48Z
401829495113768553,113768553,PersonalFoul,Foul on Addison Newkirk.,10,11,1st Half,10:56,False,2688,2025-11-06T00:19:54Z
401829495113768650,113768650,MadeFreeThrow,Gabe Newhof made Free Throw.,10,12,1st Half,10:56,True,256,2025-11-06T00:20:41Z
401829495113768653,113768653,MadeFreeThrow,Gabe Newhof missed Free Throw.,10,12,1st Half,10:56,False,256,2025-11-06T00:20:41Z
401829495113768656,113768656,Defensive Rebound,Connor Amorosi Defensive Rebound.,10,12,1st Half,10:56,False,2688,2025-11-06T00:20:41Z
401829495113768707,113768707,JumpShot,Connor Amorosi missed Jumper.,10,12,1st Half,10:37,False,2688,2025-11-06T00:20:58Z
401829495113768708,113768708,Defensive Rebound,Justin McBride Defensive Rebound.,10,12,1st Half,10:32,False,256,2025-11-06T00:21:01Z
401829495113768769,113768769,LayUpShot,Gabe Newhof made Layup. Assisted by Justin McBride.,10,14,1st Half,10:12,True,256,2025-11-06T00:21:22Z
401829495113768831,113768831,LayUpShot,Colin Ryan missed Layup.,10,14,1st Half,9:57,False,2688,2025-11-06T00:21:37Z
401829495113768833,113768833,Defensive Rebound,Gabe Newhof Defensive Rebound.,10,14,1st Half,9:55,False,256,2025-11-06T00:21:39Z
401829495113768865,113768865,LayUpShot,Gabe Newhof made Layup.,10,16,1st Half,9:43,True,256,2025-11-06T00:21:57Z
401829495113768886,113768886,PersonalFoul,Foul on Colin Ryan.,10,16,1st Half,9:43,False,2688,2025-11-06T00:22:00Z
401829495113768916,113768916,Substitution,Jackson Ransom subbing out for Washington and Lee,10,16,1st Half,9:43,False,2688,2025-11-06T00:22:17Z
401829495113768917,113768917,Substitution,John Loughlin subbing out for Washington and Lee,10,16,1st Half,9:43,False,2688,2025-11-06T00:22:17Z
401829495113768918,113768918,Substitution,Colin Ryan subbing out for Washington and Lee,10,16,1st Half,9:43,False,2688,2025-11-06T00:22:17Z
401829495113768920,113768920,Substitution,Connor Amorosi subbing out for Washington and Lee,10,16,1st Half,9:43,False,2688,2025-11-06T00:22:17Z
401829495113768923,113768923,Substitution,A.J. Thomas subbing in for Washington and Lee,10,16,1st Half,9:43,False,2688,2025-11-06T00:22:17Z
401829495113768948,113768948,Substitution,Daniel Buttemere subbing in for Washington and Lee,10,16,1st Half,9:43,False,2688,2025-11-06T00:22:17Z
401829495113768952,113768952,Substitution,Bryce Breeden subbing in for Washington and Lee,10,16,1st Half,9:43,False,2688,2025-11-06T00:22:17Z
401829495113768955,113768955,Substitution,Kevin Die' subbing in for Washington and Lee,10,16,1st Half,9:43,False,2688,2025-11-06T00:22:17Z
401829495113768966,113768966,MadeFreeThrow,Gabe Newhof made Free Throw.,10,17,1st Half,9:43,True,256,2025-11-06T00:22:29Z
401829495113768981,113768981,ShortTimeOut,Washington and Lee Timeout,10,17,1st Half,9:43,False,2688,2025-11-06T00:22:41Z
401829495113769160,113769160,JumpShot,Addison Newkirk missed Jumper.,10,17,1st Half,9:20,False,2688,2025-11-06T00:24:01Z
401829495113769161,113769161,Offensive Rebound,Daniel Buttemere Offensive Rebound.,10,17,1st Half,9:16,False,2688,2025-11-06T00:24:05Z
401829495113769188,113769188,JumpShot,A.J. Thomas missed Three Point Jumper.,10,17,1st Half,9:15,False,2688,2025-11-06T00:24:07Z
401829495113769189,113769189,Offensive Rebound,Bryce Breeden Offensive Rebound.,10,17,1st Half,9:11,False,2688,2025-11-06T00:24:09Z
401829495113769191,113769191,JumpShot,A.J. Thomas made Three Point Jumper.,13,17,1st Half,9:09,True,2688,2025-11-06T00:24:12Z
401829495113769275,113769275,Substitution,Bradley Douglas subbing out for James Madison,13,17,1st Half,8:44,False,256,2025-11-06T00:24:53Z
401829495113769276,113769276,Substitution,Eddie Ricks III subbing out for James Madison,13,17,1st Half,8:44,False,256,2025-11-06T00:24:53Z
401829495113769278,113769278,Substitution,Gabe Newhof subbing out for James Madison,13,17,1st Half,8:44,False,256,2025-11-06T00:24:53Z
401829495113769279,113769279,Substitution,Christian Brown subbing in for James Madison,13,17,1st Half,8:44,False,256,2025-11-06T00:24:53Z
401829495113769280,113769280,Substitution,Paul Lewis subbing in for James Madison,13,17,1st Half,8:44,False,256,2025-11-06T00:24:53Z
401829495113769282,113769282,Substitution,Preston Fowler subbing in for James Madison,13,17,1st Half,8:44,False,256,2025-11-06T00:24:53Z
401829495113769387,113769387,Lost Ball Turnover,James Madison  Turnover.,13,17,1st Half,8:32,False,256,2025-11-06T00:25:28Z
401829495113769403,113769403,Substitution,Kevin Die' subbing out for Washington and Lee,13,17,1st Half,8:32,False,2688,2025-11-06T00:25:43Z
401829495113769404,113769404,Substitution,Addison Newkirk subbing out for Washington and Lee,13,17,1st Half,8:32,False,2688,2025-11-06T00:25:43Z
401829495113769407,113769407,Substitution,Colin Ryan subbing in for Washington and Lee,13,17,1st Half,8:32,False,2688,2025-11-06T00:25:43Z
401829495113769408,113769408,Substitution,Connor Amorosi subbing in for Washington and Lee,13,17,1st Half,8:32,False,2688,2025-11-06T00:25:43Z
401829495113769421,113769421,LayUpShot,Connor Amorosi missed Layup.,13,17,1st Half,8:13,False,2688,2025-11-06T00:25:56Z
401829495113769463,113769463,Block Shot,Preston Fowler Block.,13,17,1st Half,8:13,False,256,2025-11-06T00:25:56Z
401829495113769464,113769464,Defensive Rebound,Justin McBride Defensive Rebound.,13,17,1st Half,8:09,False,256,2025-11-06T00:26:00Z
401829495113769465,113769465,LayUpShot,Preston Fowler made Layup.,13,19,1st Half,8:07,True,256,2025-11-06T00:26:05Z
401829495113769492,113769492,PersonalFoul,Foul on Colin Ryan.,13,19,1st Half,8:07,False,2688,2025-11-06T00:26:10Z
401829495113769552,113769552,MadeFreeThrow,Preston Fowler made Free Throw.,13,20,1st Half,8:07,True,256,2025-11-06T00:26:29Z
401829495113769643,113769643,JumpShot,Colin Ryan missed Jumper.,13,20,1st Half,7:39,False,2688,2025-11-06T00:27:00Z
401829495113769644,113769644,Defensive Rebound,Preston Fowler Defensive Rebound.,13,20,1st Half,7:35,False,256,2025-11-06T00:27:04Z
401829495113769706,113769706,PersonalFoul,Foul on Colin Ryan.,13,20,1st Half,7:24,False,2688,2025-11-06T00:27:18Z
401829495113769722,113769722,OfficialTVTimeOut,Official TV Timeout,13,20,1st Half,7:24,False,,2025-11-06T00:27:27Z
401829495113770171,113770171,Substitution,Christian Brown subbing out for James Madison,13,20,1st Half,7:24,False,256,2025-11-06T00:30:20Z
401829495113770172,113770172,Substitution,Cliff Davis subbing out for James Madison,13,20,1st Half,7:24,False,256,2025-11-06T00:30:20Z
401829495113770173,113770173,Substitution,Paul Jones III subbing in for James Madison,13,20,1st Half,7:24,False,256,2025-11-06T00:30:20Z
401829495113770174,113770174,Substitution,Eli Wilborn subbing in for James Madison,13,20,1st Half,7:24,False,256,2025-11-06T00:30:20Z
401829495113770176,113770176,Substitution,Daniel Buttemere subbing out for Washington and Lee,13,20,1st Half,7:24,False,2688,2025-11-06T00:30:20Z
401829495113770178,113770178,Substitution,Bryce Breeden subbing out for Washington and Lee,13,20,1st Half,7:24,False,2688,2025-11-06T00:30:20Z
401829495113770179,113770179,Substitution,Colin Ryan subbing out for Washington and Lee,13,20,1st Half,7:24,False,2688,2025-11-06T00:30:20Z
401829495113770180,113770180,Substitution,Jackson Ransom subbing in for Washington and Lee,13,20,1st Half,7:24,False,2688,2025-11-06T00:30:20Z
401829495113770182,113770182,Substitution,John Loughlin subbing in for Washington and Lee,13,20,1st Half,7:24,False,2688,2025-11-06T00:30:20Z
401829495113770184,113770184,Substitution,Kevin Die' subbing in for Washington and Lee,13,20,1st Half,7:24,False,2688,2025-11-06T00:30:20Z
401829495113770217,113770217,MadeFreeThrow,Justin McBride made Free Throw.,13,21,1st Half,7:24,True,256,2025-11-06T00:30:31Z
401829495113770225,113770225,MadeFreeThrow,Justin McBride made Free Throw.,13,22,1st Half,7:24,True,256,2025-11-06T00:30:46Z
401829495113770291,113770291,JumpShot,A.J. Thomas made Three Point Jumper. Assisted by Kevin Die'.,16,22,1st Half,7:12,True,2688,2025-11-06T00:31:02Z
401829495113770305,113770305,JumpShot,Paul Lewis missed Three Point Jumper.,16,22,1st Half,6:58,False,256,2025-11-06T00:31:16Z
401829495113770334,113770334,Offensive Rebound,Preston Fowler Offensive Rebound.,16,22,1st Half,6:53,False,256,2025-11-06T00:31:19Z
401829495113770337,113770337,LayUpShot,Preston Fowler made Layup.,16,24,1st Half,6:52,True,256,2025-11-06T00:31:20Z
401829495113770369,113770369,PersonalFoul,Foul on Eli Wilborn.,16,24,1st Half,6:45,False,256,2025-11-06T00:31:33Z
401829495113770380,113770380,Substitution,Connor Amorosi subbing out for Washington and Lee,16,24,1st Half,6:45,False,2688,2025-11-06T00:31:41Z
401829495113770382,113770382,Substitution,Addison Newkirk subbing in for Washington and Lee,16,24,1st Half,6:45,False,2688,2025-11-06T00:31:41Z
401829495113770498,113770498,PersonalFoul,Foul on Paul Lewis.,16,24,1st Half,6:30,False,256,2025-11-06T00:32:11Z
401829495113770599,113770599,JumpShot,A.J. Thomas missed Three Point Jumper.,16,24,1st Half,6:18,False,2688,2025-11-06T00:32:42Z
401829495113770600,113770600,Offensive Rebound,Addison Newkirk Offensive Rebound.,16,24,1st Half,6:15,False,2688,2025-11-06T00:32:45Z
401829495113770666,113770666,JumpShot,John Loughlin missed Three Point Jumper.,16,24,1st Half,6:12,False,2688,2025-11-06T00:32:49Z
401829495113770668,113770668,Defensive Rebound,Preston Fowler Defensive Rebound.,16,24,1st Half,6:08,False,256,2025-11-06T00:32:52Z
401829495113770710,113770710,JumpShot,Paul Jones III made Three Point Jumper. Assisted by Paul Lewis.,16,27,1st Half,6:03,True,256,2025-11-06T00:32:58Z
401829495113770854,113770854,Substitution,Justin McBride subbing out for James Madison,16,27,1st Half,5:45,False,256,2025-11-06T00:33:41Z
401829495113770856,113770856,Substitution,Eli Wilborn subbing out for James Madison,16,27,1st Half,5:45,False,256,2025-11-06T00:33:41Z
401829495113770858,113770858,Substitution,Eddie Ricks III subbing in for James Madison,16,27,1st Half,5:45,False,256,2025-11-06T00:33:41Z
401829495113770861,113770861,Substitution,Gabe Newhof subbing in for James Madison,16,27,1st Half,5:45,False,256,2025-11-06T00:33:41Z
401829495113770863,113770863,Substitution,A.J. Thomas subbing out for Washington and Lee,16,27,1st Half,5:45,False,2688,2025-11-06T00:33:41Z
401829495113770865,113770865,Substitution,Jackson Ransom subbing out for Washington and Lee,16,27,1st Half,5:45,False,2688,2025-11-06T00:33:41Z
401829495113770867,113770867,Substitution,John Loughlin subbing out for Washington and Lee,16,27,1st Half,5:45,False,2688,2025-11-06T00:33:41Z
401829495113770869,113770869,Substitution,Daniel Buttemere subbing in for Washington and Lee,16,27,1st Half,5:45,False,2688,2025-11-06T00:33:41Z
401829495113770870,113770870,Substitution,Bryce Breeden subbing in for Washington and Lee,16,27,1st Half,5:45,False,2688,2025-11-06T00:33:41Z
401829495113770872,113770872,Substitution,Connor Amorosi subbing in for Washington and Lee,16,27,1st Half,5:45,False,2688,2025-11-06T00:33:41Z
401829495113770917,113770917,PersonalFoul,Foul on Paul Jones III.,16,27,1st Half,5:38,False,256,2025-11-06T00:33:55Z
401829495113770970,113770970,Substitution,Paul Lewis subbing out for James Madison,16,27,1st Half,5:38,False,256,2025-11-06T00:34:10Z
401829495113770973,113770973,Substitution,Bradley Douglas subbing in for James Madison,16,27,1st Half,5:38,False,256,2025-11-06T00:34:10Z
401829495113771025,113771025,JumpShot,Kevin Die' missed Three Point Jumper.,16,27,1st Half,5:32,False,2688,2025-11-06T00:34:20Z
401829495113771026,113771026,Offensive Rebound,Addison Newkirk Offensive Rebound.,16,27,1st Half,5:28,False,2688,2025-11-06T00:34:23Z
401829495113771027,113771027,LayUpShot,Addison Newkirk made Layup.,18,27,1st Half,5:27,True,2688,2025-11-06T00:34:24Z
401829495113771070,113771070,LayUpShot,Gabe Newhof missed Layup.,18,27,1st Half,5:06,False,256,2025-11-06T00:34:45Z
401829495113771112,113771112,Block Shot,Addison Newkirk Block.,18,27,1st Half,5:06,False,2688,2025-11-06T00:34:45Z
401829495113771114,113771114,Defensive Rebound,Connor Amorosi Defensive Rebound.,18,27,1st Half,5:02,False,2688,2025-11-06T00:34:50Z
401829495113771115,113771115,JumpShot,Daniel Buttemere made Three Point Jumper. Assisted by Connor Amorosi.,21,27,1st Half,5:00,True,2688,2025-11-06T00:34:52Z
401829495113771208,113771208,JumpShot,Preston Fowler missed Three Point Jumper.,21,27,1st Half,4:35,False,256,2025-11-06T00:35:17Z
401829495113771210,113771210,Defensive Rebound,Bryce Breeden Defensive Rebound.,21,27,1st Half,4:32,False,2688,2025-11-06T00:35:20Z
401829495113771258,113771258,PersonalFoul,Foul on Preston Fowler.,21,27,1st Half,4:20,False,256,2025-11-06T00:35:35Z
401829495113771263,113771263,Substitution,Paul Jones III subbing out for James Madison,21,27,1st Half,4:20,False,256,2025-11-06T00:35:46Z
401829495113771266,113771266,Substitution,Cliff Davis subbing in for James Madison,21,27,1st Half,4:20,False,256,2025-11-06T00:35:46Z
401829495113771385,113771385,LayUpShot,Connor Amorosi made Layup.,23,27,1st Half,4:10,True,2688,2025-11-06T00:36:14Z
401829495113771471,113771471,LayUpShot,Eddie Ricks III missed Layup.,23,27,1st Half,3:48,False,256,2025-11-06T00:36:34Z
401829495113771488,113771488,Offensive Rebound,Gabe Newhof Offensive Rebound.,23,27,1st Half,3:44,False,256,2025-11-06T00:36:38Z
401829495113771490,113771490,TipShot,Gabe Newhof made Two Point Tip Shot.,23,29,1st Half,3:44,True,256,2025-11-06T00:36:38Z
401829495113771566,113771566,Lost Ball Turnover,Daniel Buttemere Turnover.,23,29,1st Half,3:31,False,2688,2025-11-06T00:36:59Z
401829495113771568,113771568,OfficialTVTimeOut,Official TV Timeout,23,29,1st Half,3:31,False,,2025-11-06T00:37:03Z
401829495113772033,113772033,Substitution,Preston Fowler subbing out for James Madison,23,29,1st Half,3:31,False,256,2025-11-06T00:39:03Z
401829495113772035,113772035,Substitution,Gabe Newhof subbing out for James Madison,23,29,1st Half,3:31,False,256,2025-11-06T00:39:03Z
401829495113772036,113772036,Substitution,Christian Brown subbing in for James Madison,23,29,1st Half,3:31,False,256,2025-11-06T00:39:03Z
401829495113772037,113772037,Substitution,Justin McBride subbing in for James Madison,23,29,1st Half,3:31,False,256,2025-11-06T00:39:03Z
401829495113772096,113772096,Lost Ball Turnover,Christian Brown Turnover.,23,29,1st Half,3:12,False,256,2025-11-06T00:39:24Z
401829495113772098,113772098,Steal,Kevin Die' Steal.,23,29,1st Half,3:12,False,2688,2025-11-06T00:39:24Z
401829495113772128,113772128,JumpShot,Daniel Buttemere missed Jumper.,23,29,1st Half,3:04,False,2688,2025-11-06T00:39:32Z
401829495113772129,113772129,Defensive Rebound,Christian Brown Defensive Rebound.,23,29,1st Half,2:59,False,256,2025-11-06T00:39:37Z
401829495113772144,113772144,Lost Ball Turnover,Bradley Douglas Turnover.,23,29,1st Half,2:56,False,256,2025-11-06T00:39:41Z
401829495113772223,113772223,LayUpShot,Daniel Buttemere missed Layup.,23,29,1st Half,2:50,False,2688,2025-11-06T00:39:47Z
401829495113772293,113772293,Block Shot,Eddie Ricks III Block.,23,29,1st Half,2:50,False,256,2025-11-06T00:39:47Z
401829495113772294,113772294,Defensive Rebound,Eddie Ricks III Defensive Rebound.,23,29,1st Half,2:43,False,256,2025-11-06T00:40:13Z
401829495113772337,113772337,PersonalFoul,Foul on Kevin Die'.,23,29,1st Half,2:43,False,2688,2025-11-06T00:40:17Z
401829495113772340,113772340,MadeFreeThrow,Justin McBride made Free Throw.,23,30,1st Half,2:43,True,256,2025-11-06T00:40:26Z
401829495113772364,113772364,Substitution,Bryce Breeden subbing out for Washington and Lee,23,30,1st Half,2:43,False,2688,2025-11-06T00:40:32Z
401829495113772386,113772386,Substitution,Kevin Die' subbing out for Washington and Lee,23,30,1st Half,2:43,False,2688,2025-11-06T00:40:32Z
401829495113772388,113772388,Substitution,A.J. Thomas subbing in for Washington and Lee,23,30,1st Half,2:43,False,2688,2025-11-06T00:40:32Z
401829495113772391,113772391,Substitution,John Loughlin subbing in for Washington and Lee,23,30,1st Half,2:43,False,2688,2025-11-06T00:40:32Z
401829495113772401,113772401,MadeFreeThrow,Justin McBride made Free Throw.,23,31,1st Half,2:43,True,256,2025-11-06T00:40:43Z
401829495113772505,113772505,PersonalFoul,Foul on Christian Brown.,23,31,1st Half,2:31,False,256,2025-11-06T00:41:05Z
401829495113772547,113772547,MadeFreeThrow,Addison Newkirk made Free Throw.,24,31,1st Half,2:31,True,2688,2025-11-06T00:41:26Z
401829495113772626,113772626,MadeFreeThrow,Addison Newkirk made Free Throw.,25,31,1st Half,2:31,True,2688,2025-11-06T00:41:40Z
401829495113772627,113772627,Substitution,Bradley Douglas subbing out for James Madison,25,31,1st Half,2:31,False,256,2025-11-06T00:41:46Z
401829495113772628,113772628,Substitution,Paul Lewis subbing in for James Madison,25,31,1st Half,2:31,False,256,2025-11-06T00:41:46Z
401829495113772655,113772655,Substitution,Daniel Buttemere subbing out for Washington and Lee,25,31,1st Half,2:31,False,2688,2025-11-06T00:41:55Z
401829495113772656,113772656,Substitution,Jackson Ransom subbing in for Washington and Lee,25,31,1st Half,2:31,False,2688,2025-11-06T00:41:55Z
401829495113772711,113772711,MadeFreeThrow,Addison Newkirk missed Free Throw.,25,31,1st Half,2:31,False,2688,2025-11-06T00:42:06Z
401829495113772738,113772738,Defensive Rebound,Eddie Ricks III Defensive Rebound.,25,31,1st Half,2:30,False,256,2025-11-06T00:42:08Z
401829495113772793,113772793,JumpShot,Justin McBride missed Three Point Jumper.,25,31,1st Half,2:18,False,256,2025-11-06T00:42:21Z
401829495113772794,113772794,Defensive Rebound,Connor Amorosi Defensive Rebound.,25,31,1st Half,2:13,False,2688,2025-11-06T00:42:25Z
401829495113772807,113772807,LayUpShot,Addison Newkirk made Layup. Assisted by John Loughlin.,27,31,1st Half,2:06,True,2688,2025-11-06T00:42:33Z
401829495113772850,113772850,Lost Ball Turnover,Paul Lewis Turnover.,27,31,1st Half,1:53,False,256,2025-11-06T00:42:45Z
401829495113772868,113772868,Steal,Jackson Ransom Steal.,27,31,1st Half,1:53,False,2688,2025-11-06T00:42:45Z
401829495113772870,113772870,JumpShot,John Loughlin made Three Point Jumper. Assisted by A.J. Thomas.,30,31,1st Half,1:48,True,2688,2025-11-06T00:42:51Z
401829495113772928,113772928,ShortTimeOut,James Madison Timeout,30,31,1st Half,1:46,False,256,2025-11-06T00:43:09Z
401829495113773179,113773179,JumpShot,Paul Lewis missed Three Point Jumper.,30,31,1st Half,1:17,False,256,2025-11-06T00:44:36Z
401829495113773224,113773224,Offensive Rebound,Christian Brown Offensive Rebound.,30,31,1st Half,1:13,False,256,2025-11-06T00:44:40Z
401829495113773228,113773228,TipShot,Christian Brown made Two Point Tip Shot.,30,33,1st Half,1:13,True,256,2025-11-06T00:44:40Z
401829495113773234,113773234,Lost Ball Turnover,Jackson Ransom Turnover.,30,33,1st Half,1:01,False,2688,2025-11-06T00:44:52Z
401829495113773235,113773235,Steal,Paul Lewis Steal.,30,33,1st Half,1:01,False,256,2025-11-06T00:44:52Z
401829495113773236,113773236,DunkShot,Eddie Ricks III made Dunk. Assisted by Christian Brown.,30,35,1st Half,0:57,True,256,2025-11-06T00:44:56Z
401829495113773304,113773304,Lost Ball Turnover,Connor Amorosi Turnover.,30,35,1st Half,0:41,False,2688,2025-11-06T00:45:13Z
401829495113773307,113773307,Steal,Eddie Ricks III Steal.,30,35,1st Half,0:41,False,256,2025-11-06T00:45:13Z
401829495113773356,113773356,JumpShot,Cliff Davis made Three Point Jumper. Assisted by Paul Lewis.,30,38,1st Half,0:34,True,256,2025-11-06T00:45:19Z
401829495113773528,113773528,Lost Ball Turnover,Washington and Lee  Turnover.,30,38,1st Half,0:00,False,2688,2025-11-06T00:46:25Z
401829495113773588,113773588,End Period,End of 1st half,30,38,1st Half,0:00,False,,2025-11-06T00:46:43Z
401829495113775126,113775126,Substitution,Christian Brown subbing out for James Madison,30,38,2nd Half,20:00,False,256,2025-11-06T01:02:02Z
401829495113775127,113775127,Substitution,Paul Lewis subbing out for James Madison,30,38,2nd Half,20:00,False,256,2025-11-06T01:02:02Z
401829495113775128,113775128,Substitution,Bradley Douglas subbing in for James Madison,30,38,2nd Half,20:00,False,256,2025-11-06T01:02:02Z
401829495113775129,113775129,Substitution,Gabe Newhof subbing in for James Madison,30,38,2nd Half,20:00,False,256,2025-11-06T01:02:02Z
401829495113775130,113775130,Substitution,A.J. Thomas subbing out for Washington and Lee,30,38,2nd Half,20:00,False,2688,2025-11-06T01:02:02Z
401829495113775131,113775131,Substitution,Colin Ryan subbing in for Washington and Lee,30,38,2nd Half,20:00,False,2688,2025-11-06T01:02:02Z
401829495113775300,113775300,LayUpShot,Gabe Newhof made Layup. Assisted by Bradley Douglas.,30,40,2nd Half,19:49,True,256,2025-11-06T01:03:13Z
401829495113775325,113775325,Lost Ball Turnover,Addison Newkirk Turnover.,30,40,2nd Half,19:38,False,2688,2025-11-06T01:03:24Z
401829495113775372,113775372,Steal,Cliff Davis Steal.,30,40,2nd Half,19:38,False,256,2025-11-06T01:03:24Z
401829495113775401,113775401,Lost Ball Turnover,Cliff Davis Turnover.,30,40,2nd Half,19:24,False,256,2025-11-06T01:03:38Z
401829495113775404,113775404,Steal,John Loughlin Steal.,30,40,2nd Half,19:24,False,2688,2025-11-06T01:03:38Z
401829495113775432,113775432,LayUpShot,Connor Amorosi made Layup. Assisted by Colin Ryan.,32,40,2nd Half,19:12,True,2688,2025-11-06T01:03:50Z
401829495113775491,113775491,Lost Ball Turnover,Justin McBride Turnover.,32,40,2nd Half,18:57,False,256,2025-11-06T01:04:05Z
401829495113775497,113775497,Steal,Addison Newkirk Steal.,32,40,2nd Half,18:57,False,2688,2025-11-06T01:04:05Z
401829495113775574,113775574,PersonalFoul,Foul on Justin McBride.,32,40,2nd Half,18:34,False,256,2025-11-06T01:04:33Z
401829495113775627,113775627,JumpShot,Addison Newkirk missed Three Point Jumper.,32,40,2nd Half,18:34,False,2688,2025-11-06T01:04:54Z
401829495113775653,113775653,Defensive Rebound,Gabe Newhof Defensive Rebound.,32,40,2nd Half,18:34,False,256,2025-11-06T01:04:57Z
401829495113775712,113775712,JumpShot,Bradley Douglas missed Jumper.,32,40,2nd Half,18:34,False,256,2025-11-06T01:05:16Z
401829495113775716,113775716,Defensive Rebound,Jackson Ransom Defensive Rebound.,32,40,2nd Half,18:34,False,2688,2025-11-06T01:05:20Z
401829495113775744,113775744,JumpShot,Colin Ryan missed Jumper.,32,40,2nd Half,18:34,False,2688,2025-11-06T01:05:33Z
401829495113775781,113775781,Defensive Rebound,Gabe Newhof Defensive Rebound.,32,40,2nd Half,18:34,False,256,2025-11-06T01:05:36Z
401829495113775893,113775893,PersonalFoul,Foul on Jackson Ransom.,32,40,2nd Half,17:20,False,2688,2025-11-06T01:06:08Z
401829495113775937,113775937,MadeFreeThrow,Justin McBride made Free Throw.,32,41,2nd Half,17:20,True,256,2025-11-06T01:06:24Z
401829495113776010,113776010,Substitution,Gabe Newhof subbing out for James Madison,32,41,2nd Half,17:20,False,256,2025-11-06T01:06:38Z
401829495113776012,113776012,Substitution,Christian Brown subbing in for James Madison,32,41,2nd Half,17:20,False,256,2025-11-06T01:06:38Z
401829495113776015,113776015,Substitution,Jackson Ransom subbing out for Washington and Lee,32,41,2nd Half,17:20,False,2688,2025-11-06T01:06:38Z
401829495113776016,113776016,Substitution,John Loughlin subbing out for Washington and Lee,32,41,2nd Half,17:20,False,2688,2025-11-06T01:06:38Z
401829495113776018,113776018,Substitution,Connor Amorosi subbing out for Washington and Lee,32,41,2nd Half,17:20,False,2688,2025-11-06T01:06:38Z
401829495113776020,113776020,Substitution,A.J. Thomas subbing in for Washington and Lee,32,41,2nd Half,17:20,False,2688,2025-11-06T01:06:38Z
401829495113776021,113776021,Substitution,Daniel Buttemere subbing in for Washington and Lee,32,41,2nd Half,17:20,False,2688,2025-11-06T01:06:38Z
401829495113776022,113776022,Substitution,Bryce Breeden subbing in for Washington and Lee,32,41,2nd Half,17:20,False,2688,2025-11-06T01:06:38Z
401829495113776035,113776035,MadeFreeThrow,Justin McBride made Free Throw.,32,42,2nd Half,17:20,True,256,2025-11-06T01:06:46Z
401829495113776122,113776122,LayUpShot,Addison Newkirk made Layup.,34,42,2nd Half,17:02,True,2688,2025-11-06T01:07:07Z
401829495113776177,113776177,PersonalFoul,Foul on Addison Newkirk.,34,42,2nd Half,16:56,False,2688,2025-11-06T01:07:15Z
401829495113776250,113776250,MadeFreeThrow,Bradley Douglas made Free Throw.,34,43,2nd Half,16:56,True,256,2025-11-06T01:07:40Z
401829495113776291,113776291,MadeFreeThrow,Bradley Douglas made Free Throw.,34,44,2nd Half,16:56,True,256,2025-11-06T01:07:52Z
401829495113776370,113776370,LayUpShot,Colin Ryan made Layup.,36,44,2nd Half,16:42,True,2688,2025-11-06T01:08:11Z
401829495113776454,113776454,PersonalFoul,Foul on Bradley Douglas.,36,44,2nd Half,16:31,False,256,2025-11-06T01:08:26Z
401829495113776457,113776457,Lost Ball Turnover,Bradley Douglas Turnover.,36,44,2nd Half,16:31,False,256,2025-11-06T01:08:26Z
401829495113776520,113776520,LayUpShot,Addison Newkirk missed Layup.,36,44,2nd Half,16:16,False,2688,2025-11-06T01:08:53Z
401829495113776566,113776566,Defensive Rebound,Eddie Ricks III Defensive Rebound.,36,44,2nd Half,16:13,False,256,2025-11-06T01:08:56Z
401829495113776568,113776568,LayUpShot,Justin McBride made Layup. Assisted by Eddie Ricks III.,36,46,2nd Half,16:12,True,256,2025-11-06T01:08:58Z
401829495113776652,113776652,LayUpShot,Colin Ryan made Layup.,38,46,2nd Half,15:42,True,2688,2025-11-06T01:09:26Z
401829495113776680,113776680,JumpShot,Bradley Douglas made Three Point Jumper. Assisted by Cliff Davis.,38,49,2nd Half,15:28,True,256,2025-11-06T01:09:40Z
401829495113776789,113776789,Lost Ball Turnover,Addison Newkirk Turnover.,38,49,2nd Half,15:00,False,2688,2025-11-06T01:10:09Z
401829495113776791,113776791,Steal,Justin McBride Steal.,38,49,2nd Half,15:00,False,256,2025-11-06T01:10:09Z
401829495113776889,113776889,PersonalFoul,Foul on A.J. Thomas.,38,49,2nd Half,14:43,False,2688,2025-11-06T01:10:36Z
401829495113776892,113776892,OfficialTVTimeOut,Official TV Timeout,38,49,2nd Half,14:43,False,,2025-11-06T01:10:45Z
401829495113777385,113777385,Substitution,Christian Brown subbing out for James Madison,38,49,2nd Half,14:43,False,256,2025-11-06T01:13:04Z
401829495113777387,113777387,Substitution,Bradley Douglas subbing out for James Madison,38,49,2nd Half,14:43,False,256,2025-11-06T01:13:04Z
401829495113777389,113777389,Substitution,Eddie Ricks III subbing out for James Madison,38,49,2nd Half,14:43,False,256,2025-11-06T01:13:04Z
401829495113777390,113777390,Substitution,Cliff Davis subbing out for James Madison,38,49,2nd Half,14:43,False,256,2025-11-06T01:13:04Z
401829495113777391,113777391,Substitution,Paul Jones III subbing in for James Madison,38,49,2nd Half,14:43,False,256,2025-11-06T01:13:04Z
401829495113777393,113777393,Substitution,Paul Lewis subbing in for James Madison,38,49,2nd Half,14:43,False,256,2025-11-06T01:13:04Z
401829495113777395,113777395,Substitution,Preston Fowler subbing in for James Madison,38,49,2nd Half,14:43,False,256,2025-11-06T01:13:04Z
401829495113777396,113777396,Substitution,Eli Wilborn subbing in for James Madison,38,49,2nd Half,14:43,False,256,2025-11-06T01:13:04Z
401829495113777397,113777397,Substitution,Addison Newkirk subbing out for Washington and Lee,38,49,2nd Half,14:43,False,2688,2025-11-06T01:13:04Z
401829495113777398,113777398,Substitution,Connor Amorosi subbing in for Washington and Lee,38,49,2nd Half,14:43,False,2688,2025-11-06T01:13:04Z
401829495113777472,113777472,LayUpShot,Eli Wilborn made Layup. Assisted by Justin McBride.,38,51,2nd Half,14:36,True,256,2025-11-06T01:13:24Z
401829495113777569,113777569,JumpShot,Daniel Buttemere missed Three Point Jumper.,38,51,2nd Half,14:22,False,2688,2025-11-06T01:13:38Z
401829495113777621,113777621,Block Shot,Paul Lewis Block.,38,51,2nd Half,14:22,False,256,2025-11-06T01:13:38Z
401829495113777623,113777623,Offensive Rebound,Daniel Buttemere Offensive Rebound.,38,51,2nd Half,14:10,False,2688,2025-11-06T01:13:49Z
401829495113777624,113777624,JumpShot,Colin Ryan missed Jumper.,38,51,2nd Half,14:08,False,2688,2025-11-06T01:13:52Z
401829495113777625,113777625,Offensive Rebound,Bryce Breeden Offensive Rebound.,38,51,2nd Half,14:04,False,2688,2025-11-06T01:13:55Z
401829495113777675,113777675,JumpShot,Bryce Breeden made Three Point Jumper.,41,51,2nd Half,14:02,True,2688,2025-11-06T01:13:58Z
401829495113777832,113777832,Substitution,Daniel Buttemere subbing out for Washington and Lee,41,51,2nd Half,13:40,False,2688,2025-11-06T01:14:38Z
401829495113777834,113777834,Substitution,John Loughlin subbing in for Washington and Lee,41,51,2nd Half,13:40,False,2688,2025-11-06T01:14:38Z
401829495113777949,113777949,JumpShot,Connor Amorosi made Jumper.,43,51,2nd Half,13:14,True,2688,2025-11-06T01:15:08Z
401829495113778064,113778064,JumpShot,Preston Fowler missed Three Point Jumper.,43,51,2nd Half,12:45,False,256,2025-11-06T01:15:37Z
401829495113778099,113778099,Defensive Rebound,Colin Ryan Defensive Rebound.,43,51,2nd Half,12:43,False,2688,2025-11-06T01:15:48Z
401829495113778102,113778102,PersonalFoul,Foul on Eli Wilborn.,43,51,2nd Half,12:43,False,256,2025-11-06T01:15:51Z
401829495113778137,113778137,Substitution,Connor Amorosi subbing out for Washington and Lee,43,51,2nd Half,12:43,False,2688,2025-11-06T01:16:01Z
401829495113778139,113778139,Substitution,Addison Newkirk subbing in for Washington and Lee,43,51,2nd Half,12:43,False,2688,2025-11-06T01:16:01Z
401829495113778221,113778221,Lost Ball Turnover,Addison Newkirk Turnover.,43,51,2nd Half,12:23,False,2688,2025-11-06T01:16:29Z
401829495113778245,113778245,Substitution,Justin McBride subbing out for James Madison,43,51,2nd Half,12:23,False,256,2025-11-06T01:16:38Z
401829495113778247,113778247,Substitution,Eli Wilborn subbing out for James Madison,43,51,2nd Half,12:23,False,256,2025-11-06T01:16:38Z
401829495113778250,113778250,Substitution,Eddie Ricks III subbing in for James Madison,43,51,2nd Half,12:23,False,256,2025-11-06T01:16:38Z
401829495113778254,113778254,Substitution,Gabe Newhof subbing in for James Madison,43,51,2nd Half,12:23,False,256,2025-11-06T01:16:38Z
401829495113778257,113778257,Substitution,John Loughlin subbing out for Washington and Lee,43,51,2nd Half,12:23,False,2688,2025-11-06T01:16:44Z
401829495113778261,113778261,Substitution,Jackson Ransom subbing in for Washington and Lee,43,51,2nd Half,12:23,False,2688,2025-11-06T01:16:44Z
401829495113778351,113778351,PersonalFoul,Foul on Addison Newkirk.,43,51,2nd Half,12:09,False,2688,2025-11-06T01:17:05Z
401829495113778420,113778420,DunkShot,Gabe Newhof made Dunk. Assisted by Preston Fowler.,43,53,2nd Half,12:01,True,256,2025-11-06T01:17:31Z
401829495113778523,113778523,JumpShot,Colin Ryan missed Jumper.,43,53,2nd Half,11:31,False,2688,2025-11-06T01:18:01Z
401829495113778524,113778524,Defensive Rebound,Preston Fowler Defensive Rebound.,43,53,2nd Half,11:28,False,256,2025-11-06T01:18:03Z
401829495113778612,113778612,Lost Ball Turnover,Paul Jones III Turnover.,43,53,2nd Half,11:11,False,256,2025-11-06T01:18:27Z
401829495113778615,113778615,OfficialTVTimeOut,Official TV Timeout,43,53,2nd Half,11:11,False,,2025-11-06T01:18:31Z
401829495113779152,113779152,Substitution,Bryce Breeden subbing out for Washington and Lee,43,53,2nd Half,11:11,False,2688,2025-11-06T01:20:58Z
401829495113779153,113779153,Substitution,Connor Amorosi subbing in for Washington and Lee,43,53,2nd Half,11:11,False,2688,2025-11-06T01:20:58Z
401829495113779273,113779273,JumpShot,A.J. Thomas missed Three Point Jumper.,43,53,2nd Half,10:55,False,2688,2025-11-06T01:21:28Z
401829495113779275,113779275,Defensive Rebound,Paul Jones III Defensive Rebound.,43,53,2nd Half,10:51,False,256,2025-11-06T01:21:31Z
401829495113779384,113779384,LayUpShot,Preston Fowler missed Layup.,43,53,2nd Half,10:23,False,256,2025-11-06T01:21:59Z
401829495113779386,113779386,Defensive Rebound,Addison Newkirk Defensive Rebound.,43,53,2nd Half,10:20,False,2688,2025-11-06T01:22:02Z
401829495113779415,113779415,JumpShot,Addison Newkirk missed Three Point Jumper.,43,53,2nd Half,10:10,False,2688,2025-11-06T01:22:13Z
401829495113779445,113779445,Defensive Rebound,Eddie Ricks III Defensive Rebound.,43,53,2nd Half,10:05,False,256,2025-11-06T01:22:17Z
401829495113779516,113779516,JumpShot,Paul Jones III made Three Point Jumper. Assisted by Preston Fowler.,43,56,2nd Half,9:47,True,256,2025-11-06T01:22:36Z
401829495113779542,113779542,Lost Ball Turnover,A.J. Thomas Turnover.,43,56,2nd Half,9:28,False,2688,2025-11-06T01:22:54Z
401829495113779587,113779587,Steal,Eddie Ricks III Steal.,43,56,2nd Half,9:28,False,256,2025-11-06T01:22:54Z
401829495113779589,113779589,JumpShot,Paul Lewis missed Jumper.,43,56,2nd Half,9:18,False,256,2025-11-06T01:23:05Z
401829495113779606,113779606,Offensive Rebound,Preston Fowler Offensive Rebound.,43,56,2nd Half,9:14,False,256,2025-11-06T01:23:08Z
401829495113779608,113779608,JumpShot,Preston Fowler missed Three Point Jumper.,43,56,2nd Half,9:13,False,256,2025-11-06T01:23:10Z
401829495113779609,113779609,Defensive Rebound,Addison Newkirk Defensive Rebound.,43,56,2nd Half,9:09,False,2688,2025-11-06T01:23:13Z
401829495113779655,113779655,ShortTimeOut,Washington and Lee Timeout,43,56,2nd Half,9:03,False,2688,2025-11-06T01:23:26Z
401829495113779682,113779682,OfficialTVTimeOut,Official TV Timeout,43,56,2nd Half,9:03,False,,2025-11-06T01:23:29Z
401829495113780122,113780122,Substitution,Paul Jones III subbing out for James Madison,43,56,2nd Half,9:03,False,256,2025-11-06T01:25:47Z
401829495113780125,113780125,Substitution,Eddie Ricks III subbing out for James Madison,43,56,2nd Half,9:03,False,256,2025-11-06T01:25:47Z
401829495113780129,113780129,Substitution,Paul Lewis subbing out for James Madison,43,56,2nd Half,9:03,False,256,2025-11-06T01:25:47Z
401829495113780132,113780132,Substitution,Gabe Newhof subbing out for James Madison,43,56,2nd Half,9:03,False,256,2025-11-06T01:25:47Z
401829495113780134,113780134,Substitution,Bradley Douglas subbing in for James Madison,43,56,2nd Half,9:03,False,256,2025-11-06T01:25:47Z
401829495113780135,113780135,Substitution,Cliff Davis subbing in for James Madison,43,56,2nd Half,9:03,False,256,2025-11-06T01:25:47Z
401829495113780136,113780136,Substitution,Justin McBride subbing in for James Madison,43,56,2nd Half,9:03,False,256,2025-11-06T01:25:47Z
401829495113780137,113780137,Substitution,Eli Wilborn subbing in for James Madison,43,56,2nd Half,9:03,False,256,2025-11-06T01:25:47Z
401829495113780138,113780138,Substitution,Jackson Ransom subbing out for Washington and Lee,43,56,2nd Half,9:03,False,2688,2025-11-06T01:25:47Z
401829495113780139,113780139,Substitution,Colin Ryan subbing out for Washington and Lee,43,56,2nd Half,9:03,False,2688,2025-11-06T01:25:47Z
401829495113780140,113780140,Substitution,Addison Newkirk subbing out for Washington and Lee,43,56,2nd Half,9:03,False,2688,2025-11-06T01:25:47Z
401829495113780141,113780141,Substitution,Daniel Buttemere subbing in for Washington and Lee,43,56,2nd Half,9:03,False,2688,2025-11-06T01:25:47Z
401829495113780142,113780142,Substitution,Bryce Breeden subbing in for Washington and Lee,43,56,2nd Half,9:03,False,2688,2025-11-06T01:25:47Z
401829495113780143,113780143,Substitution,Kevin Die' subbing in for Washington and Lee,43,56,2nd Half,9:03,False,2688,2025-11-06T01:25:47Z
401829495113780198,113780198,JumpShot,Connor Amorosi made Jumper.,45,56,2nd Half,8:55,True,2688,2025-11-06T01:26:11Z
401829495113780292,113780292,LayUpShot,Eli Wilborn missed Layup.,45,56,2nd Half,8:28,False,256,2025-11-06T01:26:39Z
401829495113780294,113780294,Offensive Rebound,Preston Fowler Offensive Rebound.,45,56,2nd Half,8:21,False,256,2025-11-06T01:26:45Z
401829495113780296,113780296,TipShot,Justin McBride missed Two Point Tip Shot.,45,56,2nd Half,8:21,False,256,2025-11-06T01:26:45Z
401829495113780319,113780319,Offensive Rebound,Justin McBride Offensive Rebound.,45,56,2nd Half,8:15,False,256,2025-11-06T01:26:50Z
401829495113780320,113780320,TipShot,Justin McBride made Two Point Tip Shot.,45,58,2nd Half,8:15,True,256,2025-11-06T01:26:50Z
401829495113780463,113780463,JumpShot,Connor Amorosi missed Jumper.,45,58,2nd Half,7:50,False,2688,2025-11-06T01:27:37Z
401829495113780464,113780464,Defensive Rebound,Bradley Douglas Defensive Rebound.,45,58,2nd Half,7:45,False,256,2025-11-06T01:27:42Z
401829495113780546,113780546,LayUpShot,Justin McBride made Layup. Assisted by Bradley Douglas.,45,60,2nd Half,7:29,True,256,2025-11-06T01:28:00Z
401829495113780603,113780603,PersonalFoul,Foul on Kevin Die'.,45,60,2nd Half,7:29,False,2688,2025-11-06T01:28:05Z
401829495113780608,113780608,OfficialTVTimeOut,Official TV Timeout,45,60,2nd Half,7:29,False,,2025-11-06T01:28:11Z
401829495113781074,113781074,Substitution,A.J. Thomas subbing out for Washington and Lee,45,60,2nd Half,7:29,False,2688,2025-11-06T01:30:33Z
401829495113781077,113781077,Substitution,Bryce Breeden subbing out for Washington and Lee,45,60,2nd Half,7:29,False,2688,2025-11-06T01:30:33Z
401829495113781079,113781079,Substitution,Kevin Die' subbing out for Washington and Lee,45,60,2nd Half,7:29,False,2688,2025-11-06T01:30:33Z
401829495113781083,113781083,Substitution,Connor Amorosi subbing out for Washington and Lee,45,60,2nd Half,7:29,False,2688,2025-11-06T01:30:33Z
401829495113781086,113781086,Substitution,Jackson Ransom subbing in for Washington and Lee,45,60,2nd Half,7:29,False,2688,2025-11-06T01:30:33Z
401829495113781088,113781088,Substitution,John Loughlin subbing in for Washington and Lee,45,60,2nd Half,7:29,False,2688,2025-11-06T01:30:33Z
401829495113781090,113781090,Substitution,Colin Ryan subbing in for Washington and Lee,45,60,2nd Half,7:29,False,2688,2025-11-06T01:30:33Z
401829495113781092,113781092,Substitution,Addison Newkirk subbing in for Washington and Lee,45,60,2nd Half,7:29,False,2688,2025-11-06T01:30:33Z
401829495113781136,113781136,MadeFreeThrow,Justin McBride missed Free Throw.,45,60,2nd Half,7:28,False,256,2025-11-06T01:30:55Z
401829495113781194,113781194,Defensive Rebound,Daniel Buttemere Defensive Rebound.,45,60,2nd Half,7:25,False,2688,2025-11-06T01:30:58Z
401829495113781257,113781257,JumpShot,Daniel Buttemere missed Three Point Jumper.,45,60,2nd Half,7:07,False,2688,2025-11-06T01:31:17Z
401829495113781259,113781259,Defensive Rebound,Justin McBride Defensive Rebound.,45,60,2nd Half,7:03,False,256,2025-11-06T01:31:20Z
401829495113781340,113781340,JumpShot,Justin McBride missed Jumper.,45,60,2nd Half,6:45,False,256,2025-11-06T01:31:38Z
401829495113781343,113781343,Defensive Rebound,Addison Newkirk Defensive Rebound.,45,60,2nd Half,6:42,False,2688,2025-11-06T01:31:41Z
401829495113781376,113781376,LayUpShot,Daniel Buttemere made Layup.,47,60,2nd Half,6:30,True,2688,2025-11-06T01:31:54Z
401829495113781425,113781425,PersonalFoul,Foul on Eli Wilborn.,47,60,2nd Half,6:23,False,256,2025-11-06T01:32:08Z
401829495113781446,113781446,Lost Ball Turnover,Eli Wilborn Turnover.,47,60,2nd Half,6:23,False,256,2025-11-06T01:32:08Z
401829495113781488,113781488,Substitution,Eli Wilborn subbing out for James Madison,47,60,2nd Half,6:23,False,256,2025-11-06T01:32:27Z
401829495113781490,113781490,Substitution,Gabe Newhof subbing in for James Madison,47,60,2nd Half,6:23,False,256,2025-11-06T01:32:27Z
401829495113781492,113781492,Substitution,Colin Ryan subbing out for Washington and Lee,47,60,2nd Half,6:23,False,2688,2025-11-06T01:32:27Z
401829495113781494,113781494,Substitution,Kevin Die' subbing in for Washington and Lee,47,60,2nd Half,6:23,False,2688,2025-11-06T01:32:27Z
401829495113781564,113781564,LayUpShot,Kevin Die' made Layup. Assisted by Daniel Buttemere.,49,60,2nd Half,6:05,True,2688,2025-11-06T01:32:49Z
401829495113781622,113781622,JumpShot,Bradley Douglas missed Three Point Jumper.,49,60,2nd Half,5:44,False,256,2025-11-06T01:33:10Z
401829495113781623,113781623,Defensive Rebound,Washington and Lee Defensive Rebound.,49,60,2nd Half,5:39,False,2688,2025-11-06T01:33:16Z
401829495113781739,113781739,Substitution,Justin McBride subbing out for James Madison,49,60,2nd Half,5:39,False,256,2025-11-06T01:33:41Z
401829495113781741,113781741,Substitution,Justin Taylor subbing in for James Madison,49,60,2nd Half,5:39,False,256,2025-11-06T01:33:41Z
401829495113781743,113781743,Substitution,Jackson Ransom subbing out for Washington and Lee,49,60,2nd Half,5:39,False,2688,2025-11-06T01:33:41Z
401829495113781744,113781744,Substitution,Daniel Buttemere subbing out for Washington and Lee,49,60,2nd Half,5:39,False,2688,2025-11-06T01:33:41Z
401829495113781745,113781745,Substitution,Kevin Die' subbing out for Washington and Lee,49,60,2nd Half,5:39,False,2688,2025-11-06T01:33:41Z
401829495113781747,113781747,Substitution,Bryce Breeden subbing in for Washington and Lee,49,60,2nd Half,5:39,False,2688,2025-11-06T01:33:41Z
401829495113781749,113781749,Substitution,Colin Ryan subbing in for Washington and Lee,49,60,2nd Half,5:39,False,2688,2025-11-06T01:33:41Z
401829495113781750,113781750,Substitution,Connor Amorosi subbing in for Washington and Lee,49,60,2nd Half,5:39,False,2688,2025-11-06T01:33:41Z
401829495113781809,113781809,LayUpShot,Colin Ryan missed Layup.,49,60,2nd Half,5:23,False,2688,2025-11-06T01:34:01Z
401829495113781811,113781811,Block Shot,Gabe Newhof Block.,49,60,2nd Half,5:23,False,256,2025-11-06T01:34:01Z
401829495113781813,113781813,Defensive Rebound,Preston Fowler Defensive Rebound.,49,60,2nd Half,5:19,False,256,2025-11-06T01:34:05Z
401829495113781899,113781899,PersonalFoul,Foul on Colin Ryan.,49,60,2nd Half,5:02,False,2688,2025-11-06T01:34:24Z
401829495113781980,113781980,MadeFreeThrow,Gabe Newhof made Free Throw.,49,61,2nd Half,5:02,True,256,2025-11-06T01:34:50Z
401829495113781982,113781982,Substitution,Preston Fowler subbing out for James Madison,49,61,2nd Half,5:02,False,256,2025-11-06T01:34:54Z
401829495113781984,113781984,Substitution,Paul Jones III subbing in for James Madison,49,61,2nd Half,5:02,False,256,2025-11-06T01:34:54Z
401829495113782066,113782066,MadeFreeThrow,Gabe Newhof made Free Throw.,49,62,2nd Half,5:02,True,256,2025-11-06T01:35:09Z
401829495113782112,113782112,LayUpShot,Connor Amorosi missed Layup.,49,62,2nd Half,4:49,False,2688,2025-11-06T01:35:25Z
401829495113782136,113782136,Block Shot,Gabe Newhof Block.,49,62,2nd Half,4:49,False,256,2025-11-06T01:35:25Z
401829495113782139,113782139,Defensive Rebound,Gabe Newhof Defensive Rebound.,49,62,2nd Half,4:45,False,256,2025-11-06T01:35:29Z
401829495113782182,113782182,JumpShot,Bradley Douglas missed Jumper.,49,62,2nd Half,4:38,False,256,2025-11-06T01:35:37Z
401829495113782213,113782213,Defensive Rebound,Bryce Breeden Defensive Rebound.,49,62,2nd Half,4:36,False,2688,2025-11-06T01:35:50Z
401829495113782215,113782215,PersonalFoul,Foul on Gabe Newhof.,49,62,2nd Half,4:36,False,256,2025-11-06T01:35:51Z
401829495113782316,113782316,LayUpShot,Colin Ryan made Layup.,51,62,2nd Half,4:15,True,2688,2025-11-06T01:36:22Z
401829495113782423,113782423,ShortTimeOut,Washington and Lee Timeout,51,62,2nd Half,4:14,False,2688,2025-11-06T01:36:37Z
401829495113782426,113782426,OfficialTVTimeOut,Official TV Timeout,51,62,2nd Half,4:14,False,,2025-11-06T01:36:40Z
401829495113782745,113782745,Substitution,Bradley Douglas subbing out for James Madison,51,62,2nd Half,4:14,False,256,2025-11-06T01:38:33Z
401829495113782766,113782766,Substitution,Paul Lewis subbing in for James Madison,51,62,2nd Half,4:14,False,256,2025-11-06T01:38:33Z
401829495113782848,113782848,Lost Ball Turnover,Paul Jones III Turnover.,51,62,2nd Half,3:57,False,256,2025-11-06T01:39:01Z
401829495113782849,113782849,Steal,Connor Amorosi Steal.,51,62,2nd Half,3:57,False,2688,2025-11-06T01:39:01Z
401829495113782896,113782896,JumpShot,Connor Amorosi made Jumper.,53,62,2nd Half,3:46,True,2688,2025-11-06T01:39:13Z
401829495113783003,113783003,LayUpShot,Gabe Newhof made Layup.,53,64,2nd Half,3:25,True,256,2025-11-06T01:39:33Z
401829495113783062,113783062,JumpShot,Bryce Breeden made Three Point Jumper. Assisted by Colin Ryan.,56,64,2nd Half,3:05,True,2688,2025-11-06T01:39:54Z
401829495113783179,113783179,PersonalFoul,Foul on Addison Newkirk.,56,64,2nd Half,2:42,False,2688,2025-11-06T01:40:24Z
401829495113783250,113783250,MadeFreeThrow,Cliff Davis made Free Throw.,56,65,2nd Half,2:42,True,256,2025-11-06T01:40:40Z
401829495113783296,113783296,MadeFreeThrow,Cliff Davis made Free Throw.,56,66,2nd Half,2:42,True,256,2025-11-06T01:40:54Z
401829495113783351,113783351,JumpShot,Addison Newkirk missed Three Point Jumper.,56,66,2nd Half,2:27,False,2688,2025-11-06T01:41:12Z
401829495113783353,113783353,Defensive Rebound,Cliff Davis Defensive Rebound.,56,66,2nd Half,2:24,False,256,2025-11-06T01:41:15Z
401829495113783463,113783463,JumpShot,Paul Jones III missed Three Point Jumper.,56,66,2nd Half,2:00,False,256,2025-11-06T01:41:42Z
401829495113783508,113783508,Offensive Rebound,Gabe Newhof Offensive Rebound.,56,66,2nd Half,1:52,False,256,2025-11-06T01:41:47Z
401829495113783510,113783510,TipShot,Gabe Newhof made Two Point Tip Shot.,56,68,2nd Half,1:52,True,256,2025-11-06T01:41:47Z
401829495113783538,113783538,JumpShot,Connor Amorosi missed Jumper.,56,68,2nd Half,1:36,False,2688,2025-11-06T01:42:03Z
401829495113783539,113783539,Defensive Rebound,Gabe Newhof Defensive Rebound.,56,68,2nd Half,1:33,False,256,2025-11-06T01:42:06Z
401829495113783730,113783730,Substitution,Paul Jones III subbing out for James Madison,56,68,2nd Half,1:14,False,256,2025-11-06T01:42:59Z
401829495113783732,113783732,Substitution,Eddie Ricks III subbing in for James Madison,56,68,2nd Half,1:14,False,256,2025-11-06T01:42:59Z
401829495113783735,113783735,Substitution,Colin Ryan subbing out for Washington and Lee,56,68,2nd Half,1:14,False,2688,2025-11-06T01:42:59Z
401829495113783738,113783738,Substitution,Connor Amorosi subbing out for Washington and Lee,56,68,2nd Half,1:14,False,2688,2025-11-06T01:42:59Z
401829495113783739,113783739,Substitution,Jackson Ransom subbing in for Washington and Lee,56,68,2nd Half,1:14,False,2688,2025-11-06T01:42:59Z
401829495113783741,113783741,Substitution,Daniel Buttemere subbing in for Washington and Lee,56,68,2nd Half,1:14,False,2688,2025-11-06T01:42:59Z
401829495113783806,113783806,Lost Ball Turnover,James Madison  Turnover.,56,68,2nd Half,1:04,False,256,2025-11-06T01:43:25Z
401829495113783864,113783864,RegularTimeOut,Washington and Lee Timeout,56,68,2nd Half,1:00,False,2688,2025-11-06T01:43:44Z
401829495113784199,113784199,Substitution,Gabe Newhof subbing out for James Madison,56,68,2nd Half,1:00,False,256,2025-11-06T01:45:09Z
401829495113784200,113784200,Substitution,Preston Fowler subbing in for James Madison,56,68,2nd Half,1:00,False,256,2025-11-06T01:45:09Z
401829495113784202,113784202,Substitution,Jackson Ransom subbing out for Washington and Lee,56,68,2nd Half,1:00,False,2688,2025-11-06T01:45:09Z
401829495113784204,113784204,Substitution,Daniel Buttemere subbing out for Washington and Lee,56,68,2nd Half,1:00,False,2688,2025-11-06T01:45:09Z
401829495113784205,113784205,Substitution,John Loughlin subbing out for Washington and Lee,56,68,2nd Half,1:00,False,2688,2025-11-06T01:45:09Z
401829495113784207,113784207,Substitution,Bryce Breeden subbing out for Washington and Lee,56,68,2nd Half,1:00,False,2688,2025-11-06T01:45:09Z
401829495113784209,113784209,Substitution,Addison Newkirk subbing out for Washington and Lee,56,68,2nd Half,1:00,False,2688,2025-11-06T01:45:09Z
401829495113784211,113784211,Substitution,Dakota Gordon subbing in for Washington and Lee,56,68,2nd Half,1:00,False,2688,2025-11-06T01:45:09Z
401829495113784213,113784213,Substitution,Alex Fanny subbing in for Washington and Lee,56,68,2nd Half,1:00,False,2688,2025-11-06T01:45:09Z
401829495113784214,113784214,Substitution,Zack Duncan subbing in for Washington and Lee,56,68,2nd Half,1:00,False,2688,2025-11-06T01:45:09Z
401829495113784215,113784215,Substitution,Joe Rhyne subbing in for Washington and Lee,56,68,2nd Half,1:00,False,2688,2025-11-06T01:45:09Z
401829495113784216,113784216,Substitution,Mill Chapman subbing in for Washington and Lee,56,68,2nd Half,1:00,False,2688,2025-11-06T01:45:09Z
401829495113784306,113784306,JumpShot,Zack Duncan missed Jumper.,56,68,2nd Half,0:41,False,2688,2025-11-06T01:45:39Z
401829495113784309,113784309,Offensive Rebound,Mill Chapman Offensive Rebound.,56,68,2nd Half,0:37,False,2688,2025-11-06T01:45:43Z
401829495113784311,113784311,JumpShot,Joe Rhyne missed Three Point Jumper.,56,68,2nd Half,0:35,False,2688,2025-11-06T01:45:45Z
401829495113784339,113784339,Defensive Rebound,James Madison Defensive Rebound.,56,68,2nd Half,0:32,False,256,2025-11-06T01:45:53Z
401829495113784371,113784371,Substitution,Mill Chapman subbing out for Washington and Lee,56,68,2nd Half,0:32,False,2688,2025-11-06T01:46:03Z
401829495113784372,113784372,Substitution,Coen Locklear subbing in for Washington and Lee,56,68,2nd Half,0:32,False,2688,2025-11-06T01:46:03Z
401829495113784422,113784422,LayUpShot,Paul Lewis made Layup.,56,70,2nd Half,0:15,True,256,2025-11-06T01:46:27Z
401829495113784474,113784474,Lost Ball Turnover,Coen Locklear Turnover.,56,70,2nd Half,0:05,False,2688,2025-11-06T01:46:39Z
401829495113784475,113784475,Steal,Paul Lewis Steal.,56,70,2nd Half,0:05,False,256,2025-11-06T01:46:39Z
401829495113784496,113784496,End Period,End of 2nd half,56,70,2nd Half,0:00,False,,2025-11-06T01:46:47Z
401829495113784557,113784557,End Game,End of Game,56,70,2nd Half,0:00,False,,2025-11-06T01:47:17Z
