play_id,sequence_number,type,description,away_score,home_score,period,clock,scoring_play,team_id,timestamp_utc
401708311101805401,101805401,LayUpShot,Lamont Butler made Layup.,2,0,1st Half,19:45,True,96,2025-01-08T00:02:22Z
401708311101808001,101808001,LayUpShot,Blue Cain missed Layup.,2,0,1st Half,19:19,False,61,2025-01-08T00:02:43Z
401708311101808201,101808201,Defensive Rebound,Andrew Carr Defensive Rebound.,2,0,1st Half,19:17,False,96,2025-01-08T00:02:43Z
401708311101808601,101808601,JumpShot,Otega Oweh missed Jumper.,2,0,1st Half,19:13,False,96,2025-01-08T00:02:54Z
401708311101809101,101809101,Defensive Rebound,Blue Cain Defensive Rebound.,2,0,1st Half,19:08,False,61,2025-01-08T00:02:54Z
401708311101809801,101809801,JumpShot,Tyrin Lawrence missed Three Point Jumper.,2,0,1st Half,19:01,False,61,2025-01-08T00:03:00Z
401708311101809802,101809802,Block Shot,Otega Oweh Block.,2,0,1st Half,19:01,False,96,2025-01-08T00:03:05Z
401708311101814201,101814201,Defensive Rebound,Jaxson Robinson Defensive Rebound.,2,0,1st Half,18:57,False,96,2025-01-08T00:03:05Z
401708311101815501,101815501,JumpShot,Amari Williams missed Jumper.,2,0,1st Half,18:44,False,96,2025-01-08T00:03:17Z
401708311101815901,101815901,Defensive Rebound,Blue Cain Defensive Rebound.,2,0,1st Half,18:40,False,61,2025-01-08T00:03:28Z
401708311101816501,101816501,Lost Ball Turnover,Blue Cain Turnover.,2,0,1st Half,18:34,False,61,2025-01-08T00:03:39Z
401708311101816502,101816502,Steal,Otega Oweh Steal.,2,0,1st Half,18:34,False,96,2025-01-08T00:03:39Z
401708311101817701,101817701,JumpShot,Jaxson Robinson missed Three Point Jumper.,2,0,1st Half,18:22,False,96,2025-01-08T00:03:44Z
401708311101817801,101817801,Defensive Rebound,Blue Cain Defensive Rebound.,2,0,1st Half,18:21,False,61,2025-01-08T00:03:44Z
401708311101817802,101817802,PersonalFoul,Foul on Otega Oweh.,2,0,1st Half,18:21,False,96,2025-01-08T00:03:44Z
401708311101819301,101819301,Lost Ball Turnover,Tyrin Lawrence Turnover.,2,0,1st Half,18:06,False,61,2025-01-08T00:04:19Z
401708311101819302,101819302,Steal,Lamont Butler Steal.,2,0,1st Half,18:06,False,96,2025-01-08T00:04:19Z
401708311101819801,101819801,DunkShot,Lamont Butler made Dunk.,4,0,1st Half,18:01,True,96,2025-01-08T00:04:25Z
401708311101826001,101826001,LayUpShot,Tyrin Lawrence missed Layup.,4,0,1st Half,17:39,False,61,2025-01-08T00:04:51Z
401708311101826002,101826002,Block Shot,Otega Oweh Block.,4,0,1st Half,17:39,False,96,2025-01-08T00:05:01Z
401708311101826501,101826501,Offensive Rebound,RJ Godfrey Offensive Rebound.,4,0,1st Half,17:34,False,61,2025-01-08T00:05:01Z
401708311101826701,101826701,JumpShot,Blue Cain made Three Point Jumper. Assisted by RJ Godfrey.,4,3,1st Half,17:32,True,61,2025-01-08T00:05:01Z
401708311101829501,101829501,JumpShot,Otega Oweh missed Three Point Jumper.,4,3,1st Half,17:04,False,96,2025-01-08T00:05:21Z
401708311101829801,101829801,Offensive Rebound,Amari Williams Offensive Rebound.,4,3,1st Half,17:01,False,96,2025-01-08T00:05:21Z
401708311101834001,101834001,LayUpShot,Amari Williams made Layup.,6,3,1st Half,16:59,True,96,2025-01-08T00:05:28Z
401708311101835201,101835201,JumpShot,Tyrin Lawrence missed Three Point Jumper.,6,3,1st Half,16:47,False,61,2025-01-08T00:05:39Z
401708311101835202,101835202,PersonalFoul,Foul on RJ Godfrey.,6,3,1st Half,16:47,False,61,2025-01-08T00:06:31Z
401708311101835401,101835401,Defensive Rebound,Kentucky Defensive Rebound.,6,3,1st Half,16:45,False,96,2025-01-08T00:05:39Z
401708311101836701,101836701,JumpShot,Jaxson Robinson missed Three Point Jumper.,6,3,1st Half,16:32,False,96,2025-01-08T00:06:31Z
401708311101837001,101837001,Defensive Rebound,Somto Cyril Defensive Rebound.,6,3,1st Half,16:29,False,61,2025-01-08T00:06:31Z
401708311101838101,101838101,PersonalFoul,Foul on Amari Williams.,6,3,1st Half,16:18,False,96,2025-01-08T00:06:43Z
401708311101838102,101838102,MadeFreeThrow,Silas Demary Jr. made Free Throw.,6,4,1st Half,16:18,True,61,2025-01-08T00:06:43Z
401708311101838103,101838103,MadeFreeThrow,Silas Demary Jr. made Free Throw.,6,5,1st Half,16:18,True,61,2025-01-08T00:06:43Z
401708311101838701,101838701,DunkShot,Andrew Carr made Dunk. Assisted by Brandon Garrison.,8,5,1st Half,16:12,True,96,2025-01-08T00:08:08Z
401708311101839301,101839301,PersonalFoul,Foul on Travis Perry.,8,5,1st Half,16:06,False,96,2025-01-08T00:08:14Z
401708311101839302,101839302,MadeFreeThrow,Silas Demary Jr. made Free Throw.,8,6,1st Half,16:06,True,61,2025-01-08T00:08:14Z
401708311101839303,101839303,MadeFreeThrow,Silas Demary Jr. made Free Throw.,8,7,1st Half,16:06,True,61,2025-01-08T00:08:14Z
401708311101845101,101845101,PersonalFoul,Foul on Silas Demary Jr..,8,7,1st Half,15:48,False,61,2025-01-08T00:09:30Z
401708311101845102,101845102,OfficialTVTimeOut, Official TV Timeout,8,7,1st Half,15:48,False,,2025-01-08T00:09:30Z
401708311101845301,101845301,PersonalFoul,Foul on Dakota Leffew.,8,7,1st Half,15:46,False,61,2025-01-08T00:12:47Z
401708311101847301,101847301,JumpShot,Brandon Garrison missed Jumper.,8,7,1st Half,15:26,False,96,2025-01-08T00:13:26Z
401708311101847701,101847701,Defensive Rebound,De'Shayne Montgomery Defensive Rebound.,8,7,1st Half,15:22,False,61,2025-01-08T00:13:37Z
401708311101849001,101849001,LayUpShot,De'Shayne Montgomery missed Layup.,8,7,1st Half,15:09,False,61,2025-01-08T00:13:43Z
401708311101849002,101849002,Offensive Rebound,Georgia Offensive Rebound.,8,7,1st Half,15:09,False,61,2025-01-08T00:13:43Z
401708311101849501,101849501,LayUpShot,De'Shayne Montgomery made Layup.,8,9,1st Half,15:04,True,61,2025-01-08T00:14:28Z
401708311101854701,101854701,PersonalFoul,Foul on Otega Oweh.,8,9,1st Half,14:52,False,96,2025-01-08T00:14:32Z
401708311101854702,101854702,Lost Ball Turnover,Otega Oweh Turnover.,8,9,1st Half,14:52,False,96,2025-01-08T00:14:32Z
401708311101856801,101856801,JumpShot,De'Shayne Montgomery missed Jumper.,8,9,1st Half,14:31,False,61,2025-01-08T00:15:24Z
401708311101857201,101857201,Defensive Rebound,Lamont Butler Defensive Rebound.,8,9,1st Half,14:27,False,96,2025-01-08T00:15:34Z
401708311101857401,101857401,LayUpShot,Lamont Butler missed Layup.,8,9,1st Half,14:25,False,96,2025-01-08T00:15:34Z
401708311101857601,101857601,Offensive Rebound,Koby Brea Offensive Rebound.,8,9,1st Half,14:23,False,96,2025-01-08T00:15:38Z
401708311101857801,101857801,JumpShot,Jaxson Robinson missed Three Point Jumper.,8,9,1st Half,14:21,False,96,2025-01-08T00:15:38Z
401708311101857802,101857802,Defensive Rebound,Georgia Defensive Rebound.,8,9,1st Half,14:21,False,61,2025-01-08T00:15:38Z
401708311101859501,101859501,JumpShot,Asa Newell missed Jumper.,8,9,1st Half,14:04,False,61,2025-01-08T00:16:07Z
401708311101859801,101859801,Offensive Rebound,Somto Cyril Offensive Rebound.,8,9,1st Half,14:01,False,61,2025-01-08T00:16:07Z
401708311101859901,101859901,DunkShot,Somto Cyril made Dunk.,8,11,1st Half,14:00,True,61,2025-01-08T00:16:07Z
401708311101865301,101865301,PersonalFoul,Foul on Somto Cyril.,8,11,1st Half,13:46,False,61,2025-01-08T00:16:25Z
401708311101866101,101866101,JumpShot,Koby Brea missed Three Point Jumper.,8,11,1st Half,13:38,False,96,2025-01-08T00:17:06Z
401708311101866301,101866301,Defensive Rebound,Somto Cyril Defensive Rebound.,8,11,1st Half,13:36,False,61,2025-01-08T00:17:06Z
401708311101866901,101866901,JumpShot,Dakota Leffew missed Three Point Jumper.,8,11,1st Half,13:30,False,61,2025-01-08T00:17:11Z
401708311101867301,101867301,Defensive Rebound,Lamont Butler Defensive Rebound.,8,11,1st Half,13:26,False,96,2025-01-08T00:17:11Z
401708311101868901,101868901,LayUpShot,Amari Williams missed Layup.,8,11,1st Half,13:10,False,96,2025-01-08T00:17:48Z
401708311101869301,101869301,Offensive Rebound,Amari Williams Offensive Rebound.,8,11,1st Half,13:06,False,96,2025-01-08T00:17:54Z
401708311101869302,101869302,JumpShot,Amari Williams missed Jumper.,8,11,1st Half,13:06,False,96,2025-01-08T00:17:54Z
401708311101869801,101869801,Offensive Rebound,Lamont Butler Offensive Rebound.,8,11,1st Half,13:01,False,96,2025-01-08T00:17:58Z
401708311101869802,101869802,JumpShot,Lamont Butler made Jumper.,10,11,1st Half,13:01,True,96,2025-01-08T00:17:58Z
401708311101875101,101875101,JumpShot,Asa Newell missed Three Point Jumper.,10,11,1st Half,12:48,False,61,2025-01-08T00:18:13Z
401708311101875501,101875501,Defensive Rebound,Amari Williams Defensive Rebound.,10,11,1st Half,12:44,False,96,2025-01-08T00:18:18Z
401708311101876901,101876901,Lost Ball Turnover,Jaxson Robinson Turnover.,10,11,1st Half,12:30,False,96,2025-01-08T00:18:36Z
401708311101876902,101876902,Steal,Dakota Leffew Steal.,10,11,1st Half,12:30,False,61,2025-01-08T00:18:36Z
401708311101878202,101878202,MadeFreeThrow,De'Shayne Montgomery made Free Throw.,10,12,1st Half,12:17,True,61,2025-01-08T00:18:57Z
401708311101878203,101878203,PersonalFoul,Foul on Amari Williams.,10,11,1st Half,12:17,False,96,2025-01-08T00:18:57Z
401708311101878204,101878204,MadeFreeThrow,De'Shayne Montgomery made Free Throw.,10,13,1st Half,12:17,True,61,2025-01-08T00:18:57Z
401708311101879301,101879301,JumpShot,Brandon Garrison made Three Point Jumper. Assisted by Lamont Butler.,13,13,1st Half,12:06,True,96,2025-01-08T00:20:34Z
401708311101886101,101886101,JumpShot,Dakota Leffew missed Jumper.,13,13,1st Half,11:38,False,61,2025-01-08T00:21:03Z
401708311101886401,101886401,Defensive Rebound,Jaxson Robinson Defensive Rebound.,13,13,1st Half,11:35,False,96,2025-01-08T00:21:13Z
401708311101886701,101886701,LayUpShot,Brandon Garrison missed Layup.,13,13,1st Half,11:32,False,96,2025-01-08T00:21:13Z
401708311101887001,101887001,Defensive Rebound,Blue Cain Defensive Rebound.,13,13,1st Half,11:29,False,61,2025-01-08T00:21:13Z
401708311101887701,101887701,LayUpShot,RJ Godfrey made Layup. Assisted by Blue Cain.,13,15,1st Half,11:22,True,61,2025-01-08T00:21:24Z
401708311101889201,101889201,JumpShot,Lamont Butler made Three Point Jumper.,16,15,1st Half,11:07,True,96,2025-01-08T00:21:29Z
401708311101895101,101895101,JumpShot,RJ Godfrey missed Three Point Jumper.,16,15,1st Half,10:48,False,61,2025-01-08T00:25:24Z
401708311101895102,101895102,Defensive Rebound,Kentucky Defensive Rebound.,16,15,1st Half,10:48,False,96,2025-01-08T00:25:24Z
401708311101895103,101895103,OfficialTVTimeOut, Official TV Timeout,16,15,1st Half,10:48,False,,2025-01-08T00:25:24Z
401708311101897101,101897101,PersonalFoul,Foul on Tyrin Lawrence.,16,15,1st Half,10:28,False,61,2025-01-08T00:25:24Z
401708311101898101,101898101,JumpShot,Andrew Carr missed Jumper.,16,15,1st Half,10:18,False,96,2025-01-08T00:25:50Z
401708311101898301,101898301,Offensive Rebound,Andrew Carr Offensive Rebound.,16,15,1st Half,10:16,False,96,2025-01-08T00:25:56Z
401708311101899301,101899301,LayUpShot,Andrew Carr made Layup.,18,15,1st Half,10:06,True,96,2025-01-08T00:26:01Z
401708311101905201,101905201,JumpShot,Blue Cain made Jumper.,18,17,1st Half,9:47,True,61,2025-01-08T00:26:21Z
401708311101906801,101906801,Lost Ball Turnover,Brandon Garrison Turnover.,18,17,1st Half,9:31,False,96,2025-01-08T00:26:43Z
401708311101906802,101906802,Steal,Tyrin Lawrence Steal.,18,17,1st Half,9:31,False,61,2025-01-08T00:26:43Z
401708311101908701,101908701,LayUpShot,Dylan James made Layup.,18,19,1st Half,9:12,True,61,2025-01-08T00:26:57Z
401708311101914301,101914301,LayUpShot,Travis Perry made Layup.,20,19,1st Half,8:56,True,96,2025-01-08T00:27:18Z
401708311101916601,101916601,JumpShot,Silas Demary Jr. missed Three Point Jumper.,20,19,1st Half,8:33,False,61,2025-01-08T00:27:37Z
401708311101916901,101916901,Defensive Rebound,Travis Perry Defensive Rebound.,20,19,1st Half,8:30,False,96,2025-01-08T00:27:37Z
401708311101917501,101917501,JumpShot,Koby Brea made Three Point Jumper. Assisted by Jaxson Robinson.,23,19,1st Half,8:24,True,96,2025-01-08T00:27:58Z
401708311101919701,101919701,LayUpShot,RJ Godfrey made Layup. Assisted by Silas Demary Jr..,23,21,1st Half,8:02,True,61,2025-01-08T00:28:07Z
401708311101919702,101919702,OfficialTVTimeOut, Official TV Timeout,23,21,1st Half,8:02,False,,2025-01-08T00:28:07Z
401708311101925501,101925501,JumpShot,Andrew Carr missed Three Point Jumper.,23,21,1st Half,7:44,False,96,2025-01-08T00:32:13Z
401708311101925801,101925801,Defensive Rebound,De'Shayne Montgomery Defensive Rebound.,23,21,1st Half,7:41,False,61,2025-01-08T00:32:13Z
401708311101927601,101927601,JumpShot,De'Shayne Montgomery made Jumper.,23,23,1st Half,7:23,True,61,2025-01-08T00:32:38Z
401708311101934801,101934801,Lost Ball Turnover,Amari Williams Turnover.,23,23,1st Half,6:51,False,96,2025-01-08T00:33:11Z
401708311101934802,101934802,Steal,Asa Newell Steal.,23,23,1st Half,6:51,False,61,2025-01-08T00:33:21Z
401708311101935201,101935201,DunkShot,Asa Newell made Dunk.,23,25,1st Half,6:47,True,61,2025-01-08T00:33:21Z
401708311101936101,101936101,DunkShot,Lamont Butler made Dunk.,25,25,1st Half,6:38,True,96,2025-01-08T00:33:44Z
401708311101938201,101938201,PersonalFoul,Foul on Jaxson Robinson.,25,25,1st Half,6:17,False,96,2025-01-08T00:34:05Z
401708311101938202,101938202,MadeFreeThrow,Silas Demary Jr. made Free Throw.,25,26,1st Half,6:17,True,61,2025-01-08T00:34:05Z
401708311101938203,101938203,MadeFreeThrow,Silas Demary Jr. made Free Throw.,25,27,1st Half,6:17,True,61,2025-01-08T00:34:05Z
401708311101939201,101939201,Lost Ball Turnover,Collin Chandler Turnover.,25,27,1st Half,6:07,False,96,2025-01-08T00:35:48Z
401708311101939202,101939202,Steal,Blue Cain Steal.,25,27,1st Half,6:07,False,61,2025-01-08T00:35:48Z
401708311101939601,101939601,Lost Ball Turnover,De'Shayne Montgomery Turnover.,25,27,1st Half,6:03,False,61,2025-01-08T00:36:35Z
401708311101939602,101939602,Steal,Lamont Butler Steal.,25,27,1st Half,6:03,False,96,2025-01-08T00:35:54Z
401708311101944401,101944401,JumpShot,Jaxson Robinson missed Three Point Jumper.,25,27,1st Half,5:55,False,96,2025-01-08T00:35:54Z
401708311101945201,101945201,Defensive Rebound,Silas Demary Jr. Defensive Rebound.,25,27,1st Half,5:47,False,61,2025-01-08T00:35:59Z
401708311101945301,101945301,JumpShot,Blue Cain made Three Point Jumper. Assisted by Somto Cyril.,25,30,1st Half,5:46,True,61,2025-01-08T00:35:59Z
401708311101946301,101946301,ShortTimeOut,Kentucky  Timeout,25,30,1st Half,5:36,False,96,2025-01-08T00:36:16Z
401708311101947301,101947301,LayUpShot,Lamont Butler made Layup. Assisted by Otega Oweh.,27,30,1st Half,5:26,True,96,2025-01-08T00:37:46Z
401708311101948701,101948701,JumpShot,De'Shayne Montgomery made Jumper.,27,32,1st Half,5:12,True,61,2025-01-08T00:38:05Z
401708311101954601,101954601,JumpShot,Ansley Almonor made Three Point Jumper.,30,32,1st Half,4:53,True,96,2025-01-08T00:38:20Z
401708311101955701,101955701,JumpShot,Silas Demary Jr. made Three Point Jumper.,30,35,1st Half,4:42,True,61,2025-01-08T00:38:36Z
401708311101958001,101958001,JumpShot,Koby Brea missed Jumper.,30,35,1st Half,4:19,False,96,2025-01-08T00:40:36Z
401708311101958002,101958002,Defensive Rebound,Blue Cain Defensive Rebound.,30,35,1st Half,4:19,False,61,2025-01-08T00:40:36Z
401708311101958003,101958003,PersonalFoul,Foul on Ansley Almonor.,30,35,1st Half,4:19,False,96,2025-01-08T00:40:36Z
401708311101958004,101958004,MadeFreeThrow,Blue Cain made Free Throw.,30,36,1st Half,4:19,True,61,2025-01-08T00:40:36Z
401708311101958005,101958005,MadeFreeThrow,Blue Cain made Free Throw.,30,37,1st Half,4:19,True,61,2025-01-08T00:40:36Z
401708311101964101,101964101,JumpShot,Andrew Carr missed Jumper.,30,37,1st Half,3:58,False,96,2025-01-08T00:40:56Z
401708311101964301,101964301,Defensive Rebound,Somto Cyril Defensive Rebound.,30,37,1st Half,3:56,False,61,2025-01-08T00:41:02Z
401708311101965201,101965201,Lost Ball Turnover,Somto Cyril Turnover.,30,37,1st Half,3:47,False,61,2025-01-08T00:41:02Z
401708311101965202,101965202,Steal,Koby Brea Steal.,30,37,1st Half,3:47,False,96,2025-01-08T00:41:02Z
401708311101966101,101966101,PersonalFoul,Foul on Brandon Garrison.,30,37,1st Half,3:38,False,96,2025-01-08T00:41:13Z
401708311101966102,101966102,Lost Ball Turnover,Brandon Garrison Turnover.,30,37,1st Half,3:38,False,96,2025-01-08T00:41:13Z
401708311101966103,101966103,OfficialTVTimeOut, Official TV Timeout,30,37,1st Half,3:38,False,,2025-01-08T00:41:13Z
401708311101967401,101967401,LayUpShot,Somto Cyril missed Layup.,30,37,1st Half,3:25,False,61,2025-01-08T00:44:55Z
401708311101967601,101967601,Offensive Rebound,Dakota Leffew Offensive Rebound.,30,37,1st Half,3:23,False,61,2025-01-08T00:45:01Z
401708311101969001,101969001,JumpShot,Silas Demary Jr. missed Jumper.,30,37,1st Half,3:09,False,61,2025-01-08T00:45:28Z
401708311101969301,101969301,Offensive Rebound,Somto Cyril Offensive Rebound.,30,37,1st Half,3:06,False,61,2025-01-08T00:45:12Z
401708311101969401,101969401,DunkShot,Somto Cyril missed Dunk.,30,37,1st Half,3:05,False,61,2025-01-08T00:45:12Z
401708311101969402,101969402,Block Shot,Brandon Garrison Block.,30,37,1st Half,3:05,False,96,2025-01-08T00:45:12Z
401708311101969801,101969801,Offensive Rebound,Somto Cyril Offensive Rebound.,30,37,1st Half,3:01,False,61,2025-01-08T00:45:22Z
401708311101969901,101969901,DunkShot,Somto Cyril made Dunk.,30,39,1st Half,3:00,True,61,2025-01-08T00:45:22Z
401708311101976701,101976701,LayUpShot,Otega Oweh made Layup. Assisted by Brandon Garrison.,32,39,1st Half,2:32,True,96,2025-01-08T00:45:49Z
401708311101976702,101976702,PersonalFoul,Foul on Tyrin Lawrence.,32,39,1st Half,2:32,False,61,2025-01-08T00:45:49Z
401708311101976801,101976801,MadeFreeThrow,Otega Oweh missed Free Throw.,32,39,1st Half,2:31,False,96,2025-01-08T00:46:35Z
401708311101977001,101977001,Defensive Rebound,Asa Newell Defensive Rebound.,32,39,1st Half,2:29,False,61,2025-01-08T00:46:45Z
401708311101978501,101978501,JumpShot,Dakota Leffew made Three Point Jumper. Assisted by Asa Newell.,32,42,1st Half,2:14,True,61,2025-01-08T00:47:19Z
401708311101979901,101979901,JumpShot,Koby Brea missed Three Point Jumper.,32,42,1st Half,2:00,False,96,2025-01-08T00:47:35Z
401708311101984301,101984301,Defensive Rebound,Silas Demary Jr. Defensive Rebound.,32,42,1st Half,1:56,False,61,2025-01-08T00:47:46Z
401708311101984801,101984801,PersonalFoul,Foul on Asa Newell.,32,42,1st Half,1:51,False,61,2025-01-08T00:47:46Z
401708311101984802,101984802,Lost Ball Turnover,Asa Newell Turnover.,32,42,1st Half,1:51,False,61,2025-01-08T00:47:46Z
401708311101986001,101986001,DunkShot,Andrew Carr missed Dunk.,32,42,1st Half,1:39,False,96,2025-01-08T00:48:12Z
401708311101986002,101986002,Block Shot,Asa Newell Block.,32,42,1st Half,1:39,False,61,2025-01-08T00:48:12Z
401708311101986003,101986003,Defensive Rebound,Georgia Defensive Rebound.,32,42,1st Half,1:39,False,61,2025-01-08T00:48:12Z
401708311101986004,101986004,PersonalFoul,Foul on Andrew Carr.,32,42,1st Half,1:39,False,96,2025-01-08T00:48:12Z
401708311101986005,101986005,MadeFreeThrow,Silas Demary Jr. made Free Throw.,32,43,1st Half,1:39,True,61,2025-01-08T00:48:12Z
401708311101986006,101986006,MadeFreeThrow,Silas Demary Jr. made Free Throw.,32,44,1st Half,1:39,True,61,2025-01-08T00:48:12Z
401708311101987701,101987701,PersonalFoul,Foul on Amari Williams.,32,44,1st Half,1:22,False,96,2025-01-08T00:50:39Z
401708311101987702,101987702,Lost Ball Turnover,Amari Williams Turnover.,32,44,1st Half,1:22,False,96,2025-01-08T00:50:39Z
401708311101989701,101989701,JumpShot,De'Shayne Montgomery missed Three Point Jumper.,32,44,1st Half,1:02,False,61,2025-01-08T00:50:55Z
401708311101994001,101994001,Defensive Rebound,Otega Oweh Defensive Rebound.,32,44,1st Half,0:59,False,96,2025-01-08T00:50:55Z
401708311101994601,101994601,PersonalFoul,Foul on Silas Demary Jr..,32,44,1st Half,0:53,False,61,2025-01-08T00:51:06Z
401708311101994602,101994602,MadeFreeThrow,Brandon Garrison made Free Throw.,33,44,1st Half,0:53,True,96,2025-01-08T00:51:06Z
401708311101994603,101994603,MadeFreeThrow,Brandon Garrison made Free Throw.,34,44,1st Half,0:53,True,96,2025-01-08T00:51:06Z
401708311101995601,101995601,Lost Ball Turnover,Dakota Leffew Turnover.,34,44,1st Half,0:43,False,61,2025-01-08T00:52:22Z
401708311101997201,101997201,JumpShot,Koby Brea missed Three Point Jumper.,34,44,1st Half,0:27,False,96,2025-01-08T00:52:39Z
401708311101997801,101997801,Offensive Rebound,Lamont Butler Offensive Rebound.,34,44,1st Half,0:21,False,96,2025-01-08T00:52:47Z
401708311101997802,101997802,JumpShot,Lamont Butler missed Jumper.,34,44,1st Half,0:21,False,96,2025-01-08T00:52:47Z
401708311101997901,101997901,Defensive Rebound,RJ Godfrey Defensive Rebound.,34,44,1st Half,0:20,False,61,2025-01-08T00:52:47Z
401708311101998001,101998001,ShortTimeOut,Georgia  Timeout,34,44,1st Half,0:19,False,61,2025-01-08T00:52:47Z
401708311101999902,101999902,JumpShot,Asa Newell made Three Point Jumper. Assisted by Dakota Leffew.,34,47,1st Half,0:00,True,61,2025-01-08T00:54:22Z
401708311101999901,101999901,End Period,End of 1st half,34,47,1st Half,0:00,False,,2025-01-08T00:54:22Z
401708311102805801,102805801,PersonalFoul,Foul on Andrew Carr.,34,47,2nd Half,19:41,False,96,2025-01-08T01:11:45Z
401708311102806801,102806801,JumpShot,Blue Cain missed Jumper.,34,47,2nd Half,19:31,False,61,2025-01-08T01:12:00Z
401708311102807401,102807401,Defensive Rebound,Andrew Carr Defensive Rebound.,34,47,2nd Half,19:25,False,96,2025-01-08T01:12:06Z
401708311102809601,102809601,Lost Ball Turnover,Amari Williams Turnover.,34,47,2nd Half,19:03,False,96,2025-01-08T01:12:53Z
401708311102816301,102816301,Lost Ball Turnover,Asa Newell Turnover.,34,47,2nd Half,18:36,False,61,2025-01-08T01:13:31Z
401708311102816302,102816302,Steal,Lamont Butler Steal.,34,47,2nd Half,18:36,False,96,2025-01-08T01:13:37Z
401708311102816701,102816701,LayUpShot,Lamont Butler made Layup.,36,47,2nd Half,18:32,True,96,2025-01-08T01:13:37Z
401708311102819601,102819601,JumpShot,Silas Demary Jr. missed Jumper.,36,47,2nd Half,18:03,False,61,2025-01-08T01:14:18Z
401708311102819901,102819901,Defensive Rebound,Amari Williams Defensive Rebound.,36,47,2nd Half,18:00,False,96,2025-01-08T01:14:23Z
401708311102824601,102824601,LayUpShot,Otega Oweh missed Layup.,36,47,2nd Half,17:53,False,96,2025-01-08T01:14:34Z
401708311102824901,102824901,Defensive Rebound,Tyrin Lawrence Defensive Rebound.,36,47,2nd Half,17:50,False,61,2025-01-08T01:14:34Z
401708311102825201,102825201,JumpShot,Asa Newell missed Three Point Jumper.,36,47,2nd Half,17:47,False,61,2025-01-08T01:14:40Z
401708311102825501,102825501,Defensive Rebound,Amari Williams Defensive Rebound.,36,47,2nd Half,17:44,False,96,2025-01-08T01:14:40Z
401708311102825901,102825901,DunkShot,Otega Oweh made Dunk. Assisted by Amari Williams.,38,47,2nd Half,17:40,True,96,2025-01-08T01:14:40Z
401708311102828501,102828501,LayUpShot,Blue Cain made Layup. Assisted by RJ Godfrey.,38,49,2nd Half,17:14,True,61,2025-01-08T01:15:23Z
401708311102829001,102829001,PersonalFoul,Foul on RJ Godfrey.,38,49,2nd Half,17:09,False,61,2025-01-08T01:15:23Z
401708311102829601,102829601,JumpShot,Lamont Butler missed Three Point Jumper.,38,49,2nd Half,17:03,False,96,2025-01-08T01:15:38Z
401708311102829801,102829801,Defensive Rebound,Asa Newell Defensive Rebound.,38,49,2nd Half,17:01,False,61,2025-01-08T01:15:44Z
401708311102829802,102829802,PersonalFoul,Foul on Amari Williams.,38,49,2nd Half,17:01,False,96,2025-01-08T01:15:44Z
401708311102836101,102836101,LayUpShot,Tyrin Lawrence made Layup.,38,51,2nd Half,16:38,True,61,2025-01-08T01:16:43Z
401708311102838701,102838701,LayUpShot,Otega Oweh missed Layup.,38,51,2nd Half,16:12,False,96,2025-01-08T01:17:08Z
401708311102838901,102838901,Offensive Rebound,Brandon Garrison Offensive Rebound.,38,51,2nd Half,16:10,False,96,2025-01-08T01:17:08Z
401708311102839001,102839001,LayUpShot,Brandon Garrison made Layup.,40,51,2nd Half,16:09,True,96,2025-01-08T01:17:18Z
401708311102846401,102846401,Lost Ball Turnover,Tyrin Lawrence Turnover.,40,51,2nd Half,15:35,False,61,2025-01-08T01:17:46Z
401708311102846402,102846402,Steal,Jaxson Robinson Steal.,40,51,2nd Half,15:35,False,96,2025-01-08T01:17:46Z
401708311102846403,102846403,OfficialTVTimeOut, Official TV Timeout,40,51,2nd Half,15:35,False,,2025-01-08T01:17:46Z
401708311102847801,102847801,LayUpShot,Lamont Butler made Layup.,42,51,2nd Half,15:21,True,96,2025-01-08T01:21:07Z
401708311102849201,102849201,LayUpShot,Dakota Leffew missed Layup.,42,51,2nd Half,15:07,False,61,2025-01-08T01:21:29Z
401708311102849202,102849202,Block Shot,Koby Brea Block.,42,51,2nd Half,15:07,False,96,2025-01-08T01:21:36Z
401708311102849601,102849601,Defensive Rebound,Andrew Carr Defensive Rebound.,42,51,2nd Half,15:03,False,96,2025-01-08T01:21:36Z
401708311102854101,102854101,JumpShot,Andrew Carr missed Three Point Jumper.,42,51,2nd Half,14:58,False,96,2025-01-08T01:21:46Z
401708311102854401,102854401,Offensive Rebound,Koby Brea Offensive Rebound.,42,51,2nd Half,14:55,False,96,2025-01-08T01:21:46Z
401708311102856001,102856001,PersonalFoul,Foul on Somto Cyril.,42,51,2nd Half,14:39,False,61,2025-01-08T01:22:01Z
401708311102856002,102856002,MadeFreeThrow,Andrew Carr made Free Throw.,43,51,2nd Half,14:39,True,96,2025-01-08T01:22:39Z
401708311102856003,102856003,MadeFreeThrow,Andrew Carr made Free Throw.,44,51,2nd Half,14:39,True,96,2025-01-08T01:22:39Z
401708311102857501,102857501,JumpShot,Dakota Leffew missed Three Point Jumper.,44,51,2nd Half,14:24,False,61,2025-01-08T01:23:21Z
401708311102857702,102857702,Offensive Rebound,Somto Cyril Offensive Rebound.,44,51,2nd Half,14:22,False,61,2025-01-08T02:33:02Z
401708311102857703,102857703,LayUpShot,Somto Cyril made Layup.,44,53,2nd Half,14:22,True,61,2025-01-08T02:33:02Z
401708311102857801,102857801,PersonalFoul,Foul on Andrew Carr.,44,53,2nd Half,14:21,False,96,2025-01-08T01:23:21Z
401708311102857802,102857802,Lost Ball Turnover,Andrew Carr Turnover.,44,53,2nd Half,14:21,False,96,2025-01-08T01:23:21Z
401708311102857803,102857803,MadeFreeThrow,Somto Cyril missed Free Throw.,44,53,2nd Half,14:21,False,61,2025-01-08T01:23:21Z
401708311102857804,102857804,Offensive Rebound,Georgia Offensive Rebound.,44,53,2nd Half,14:21,False,61,2025-01-08T01:23:21Z
401708311102857805,102857805,MadeFreeThrow,Somto Cyril missed Free Throw.,44,53,2nd Half,14:21,False,61,2025-01-08T01:23:21Z
401708311102859501,102859501,Lost Ball Turnover,De'Shayne Montgomery Turnover.,44,53,2nd Half,14:04,False,61,2025-01-08T01:27:24Z
401708311102859502,102859502,Steal,Lamont Butler Steal.,44,53,2nd Half,14:04,False,96,2025-01-08T01:27:24Z
401708311102864501,102864501,Lost Ball Turnover,Brandon Garrison Turnover.,44,53,2nd Half,13:54,False,96,2025-01-08T01:27:31Z
401708311102864502,102864502,Steal,Silas Demary Jr. Steal.,44,53,2nd Half,13:54,False,61,2025-01-08T01:27:31Z
401708311102865201,102865201,PersonalFoul,Foul on Ansley Almonor.,44,53,2nd Half,13:47,False,96,2025-01-08T01:27:40Z
401708311102865202,102865202,MadeFreeThrow,De'Shayne Montgomery missed Free Throw.,44,53,2nd Half,13:47,False,61,2025-01-08T01:27:40Z
401708311102865203,102865203,Offensive Rebound,Georgia Offensive Rebound.,44,53,2nd Half,13:47,False,61,2025-01-08T01:27:40Z
401708311102865204,102865204,MadeFreeThrow,De'Shayne Montgomery missed Free Throw.,44,53,2nd Half,13:47,False,61,2025-01-08T01:30:11Z
401708311102865401,102865401,Offensive Rebound,Georgia Offensive Rebound.,44,53,2nd Half,13:45,False,61,2025-01-08T01:30:29Z
401708311102865601,102865601,JumpShot,Blue Cain missed Three Point Jumper.,44,53,2nd Half,13:43,False,61,2025-01-08T01:30:59Z
401708311102866001,102866001,Defensive Rebound,Otega Oweh Defensive Rebound.,44,53,2nd Half,13:39,False,96,2025-01-08T01:30:59Z
401708311102866301,102866301,DunkShot,Otega Oweh missed Dunk.,44,53,2nd Half,13:36,False,96,2025-01-08T01:31:06Z
401708311102866302,102866302,Block Shot,Somto Cyril Block.,44,53,2nd Half,13:36,False,61,2025-01-08T01:31:06Z
401708311102867601,102867601,Offensive Rebound,Brandon Garrison Offensive Rebound.,44,53,2nd Half,13:23,False,96,2025-01-08T01:31:33Z
401708311102867602,102867602,JumpShot,Brandon Garrison made Jumper.,46,53,2nd Half,13:23,True,96,2025-01-08T01:31:33Z
401708311102869101,102869101,LayUpShot,Asa Newell made Layup.,46,55,2nd Half,13:08,True,61,2025-01-08T01:31:50Z
401708311102875701,102875701,LayUpShot,Brandon Garrison missed Layup.,46,55,2nd Half,12:42,False,96,2025-01-08T01:32:34Z
401708311102875901,102875901,Offensive Rebound,Andrew Carr Offensive Rebound.,46,55,2nd Half,12:40,False,96,2025-01-08T01:32:34Z
401708311102876501,102876501,DunkShot,Otega Oweh made Dunk.,48,55,2nd Half,12:34,True,96,2025-01-08T01:32:40Z
401708311102878601,102878601,Lost Ball Turnover,Blue Cain Turnover.,48,55,2nd Half,12:13,False,61,2025-01-08T01:33:03Z
401708311102878602,102878602,Steal,Brandon Garrison Steal.,48,55,2nd Half,12:13,False,96,2025-01-08T01:33:03Z
401708311102879201,102879201,LayUpShot,Brandon Garrison made Layup.,50,55,2nd Half,12:07,True,96,2025-01-08T01:33:14Z
401708311102879701,102879701,ShortTimeOut,Georgia  Timeout,50,55,2nd Half,12:02,False,61,2025-01-08T01:33:20Z
401708311102879702,102879702,OfficialTVTimeOut, Official TV Timeout,50,55,2nd Half,12:02,False,,2025-01-08T01:33:20Z
401708311102885301,102885301,JumpShot,De'Shayne Montgomery missed Jumper.,50,55,2nd Half,11:46,False,61,2025-01-08T01:37:19Z
401708311102885302,102885302,Block Shot,Brandon Garrison Block.,50,55,2nd Half,11:46,False,96,2025-01-08T01:37:19Z
401708311102885601,102885601,PersonalFoul,Foul on Lamont Butler.,50,55,2nd Half,11:43,False,96,2025-01-08T01:41:15Z
401708311102885602,102885602,OfficialTVTimeOut, Official TV Timeout,50,55,2nd Half,11:43,False,,2025-01-08T01:41:15Z
401708311102885603,102885603,MadeFreeThrow,Dakota Leffew made Free Throw.,50,56,2nd Half,11:43,True,61,2025-01-08T01:41:15Z
401708311102885604,102885604,MadeFreeThrow,Dakota Leffew made Free Throw.,50,57,2nd Half,11:43,True,61,2025-01-08T01:41:15Z
401708311102885605,102885605,MadeFreeThrow,Dakota Leffew missed Free Throw.,50,57,2nd Half,11:43,False,61,2025-01-08T01:41:15Z
401708311102885801,102885801,Defensive Rebound,Otega Oweh Defensive Rebound.,50,57,2nd Half,11:41,False,96,2025-01-08T01:41:15Z
401708311102885901,102885901,Offensive Rebound,RJ Godfrey Offensive Rebound.,50,57,2nd Half,11:40,False,61,2025-01-08T01:41:15Z
401708311102885902,102885902,Lost Ball Turnover,Otega Oweh Turnover.,50,57,2nd Half,11:40,False,96,2025-01-08T01:41:15Z
401708311102885903,102885903,Steal,RJ Godfrey Steal.,50,57,2nd Half,11:40,False,61,2025-01-08T01:41:15Z
401708311102886701,102886701,JumpShot,Dakota Leffew missed Three Point Jumper.,50,57,2nd Half,11:32,False,61,2025-01-08T01:41:45Z
401708311102886901,102886901,Offensive Rebound,Silas Demary Jr. Offensive Rebound.,50,57,2nd Half,11:30,False,61,2025-01-08T01:41:45Z
401708311102887701,102887701,PersonalFoul,Foul on Andrew Carr.,50,57,2nd Half,11:22,False,96,2025-01-08T01:41:56Z
401708311102887702,102887702,MadeFreeThrow,RJ Godfrey made Free Throw.,50,58,2nd Half,11:22,True,61,2025-01-08T01:41:56Z
401708311102887703,102887703,MadeFreeThrow,RJ Godfrey made Free Throw.,50,59,2nd Half,11:22,True,61,2025-01-08T01:41:56Z
401708311102888301,102888301,PersonalFoul,Foul on Blue Cain.,50,59,2nd Half,11:16,False,61,2025-01-08T01:42:59Z
401708311102894901,102894901,JumpShot,Koby Brea missed Three Point Jumper.,50,59,2nd Half,10:50,False,96,2025-01-08T01:43:42Z
401708311102895201,102895201,Defensive Rebound,Blue Cain Defensive Rebound.,50,59,2nd Half,10:47,False,61,2025-01-08T01:43:42Z
401708311102896201,102896201,JumpShot,Blue Cain missed Three Point Jumper.,50,59,2nd Half,10:37,False,61,2025-01-08T01:44:09Z
401708311102896301,102896301,PersonalFoul,Foul on Somto Cyril.,50,59,2nd Half,10:36,False,61,2025-01-08T01:44:09Z
401708311102896901,102896901,Defensive Rebound,Kentucky Defensive Rebound.,50,59,2nd Half,10:30,False,96,2025-01-08T01:44:09Z
401708311102898101,102898101,PersonalFoul,Foul on Silas Demary Jr..,50,59,2nd Half,10:18,False,61,2025-01-08T01:44:49Z
401708311102898102,102898102,MadeFreeThrow,Lamont Butler made Free Throw.,51,59,2nd Half,10:18,True,96,2025-01-08T01:44:49Z
401708311102898103,102898103,MadeFreeThrow,Lamont Butler made Free Throw.,52,59,2nd Half,10:18,True,96,2025-01-08T01:44:49Z
401708311102904201,102904201,JumpShot,Blue Cain missed Three Point Jumper.,52,59,2nd Half,9:57,False,61,2025-01-08T01:46:09Z
401708311102904501,102904501,Defensive Rebound,Brandon Garrison Defensive Rebound.,52,59,2nd Half,9:54,False,96,2025-01-08T01:46:09Z
401708311102906001,102906001,JumpShot,Otega Oweh missed Three Point Jumper.,52,59,2nd Half,9:39,False,96,2025-01-08T01:46:31Z
401708311102906002,102906002,PersonalFoul,Foul on Jaxson Robinson.,52,59,2nd Half,9:39,False,96,2025-01-08T01:47:46Z
401708311102906003,102906003,MadeFreeThrow,Blue Cain made Free Throw.,52,60,2nd Half,9:39,True,61,2025-01-08T01:47:46Z
401708311102906004,102906004,MadeFreeThrow,Blue Cain made Free Throw.,52,61,2nd Half,9:39,True,61,2025-01-08T01:47:46Z
401708311102906101,102906101,Defensive Rebound,Georgia Defensive Rebound.,52,61,2nd Half,9:38,False,61,2025-01-08T01:46:31Z
401708311102907201,102907201,PersonalFoul,Foul on Blue Cain.,52,61,2nd Half,9:27,False,61,2025-01-08T01:47:57Z
401708311102907202,102907202,MadeFreeThrow,Otega Oweh made Free Throw.,53,61,2nd Half,9:27,True,96,2025-01-08T01:47:57Z
401708311102907203,102907203,MadeFreeThrow,Otega Oweh made Free Throw.,54,61,2nd Half,9:27,True,96,2025-01-08T01:47:57Z
401708311102908101,102908101,JumpShot,Asa Newell made Three Point Jumper. Assisted by Silas Demary Jr..,54,64,2nd Half,9:18,True,61,2025-01-08T01:49:04Z
401708311102915101,102915101,JumpShot,Otega Oweh missed Jumper.,54,64,2nd Half,8:48,False,96,2025-01-08T01:49:19Z
401708311102915301,102915301,Defensive Rebound,Silas Demary Jr. Defensive Rebound.,54,64,2nd Half,8:46,False,61,2025-01-08T01:49:25Z
401708311102916401,102916401,JumpShot,Dakota Leffew missed Three Point Jumper.,54,64,2nd Half,8:35,False,61,2025-01-08T01:49:43Z
401708311102916701,102916701,Defensive Rebound,Otega Oweh Defensive Rebound.,54,64,2nd Half,8:32,False,96,2025-01-08T01:49:43Z
401708311102917901,102917901,JumpShot,Otega Oweh missed Three Point Jumper.,54,64,2nd Half,8:20,False,96,2025-01-08T01:49:59Z
401708311102918301,102918301,Defensive Rebound,RJ Godfrey Defensive Rebound.,54,64,2nd Half,8:16,False,61,2025-01-08T01:49:59Z
401708311102919301,102919301,LayUpShot,Blue Cain missed Layup.,54,64,2nd Half,8:06,False,61,2025-01-08T01:50:10Z
401708311102919302,102919302,PersonalFoul,Foul on Ansley Almonor.,54,64,2nd Half,8:06,False,96,2025-01-08T01:51:50Z
401708311102919303,102919303,MadeFreeThrow,Asa Newell made Free Throw.,54,65,2nd Half,8:06,True,61,2025-01-08T01:51:50Z
401708311102919304,102919304,MadeFreeThrow,Asa Newell made Free Throw.,54,66,2nd Half,8:06,True,61,2025-01-08T01:51:50Z
401708311102919501,102919501,Offensive Rebound,Asa Newell Offensive Rebound.,54,66,2nd Half,8:04,False,61,2025-01-08T01:50:10Z
401708311102924901,102924901,JumpShot,Ansley Almonor missed Three Point Jumper.,54,66,2nd Half,7:50,False,96,2025-01-08T01:51:50Z
401708311102925201,102925201,Defensive Rebound,Blue Cain Defensive Rebound.,54,66,2nd Half,7:47,False,61,2025-01-08T01:51:50Z
401708311102926301,102926301,JumpShot,De'Shayne Montgomery missed Three Point Jumper.,54,66,2nd Half,7:36,False,61,2025-01-08T01:52:04Z
401708311102926601,102926601,Offensive Rebound,Asa Newell Offensive Rebound.,54,66,2nd Half,7:33,False,61,2025-01-08T01:52:04Z
401708311102926602,102926602,PersonalFoul,Foul on Ansley Almonor.,54,66,2nd Half,7:33,False,96,2025-01-08T01:52:04Z
401708311102926603,102926603,OfficialTVTimeOut, Official TV Timeout,54,66,2nd Half,7:33,False,,2025-01-08T01:52:04Z
401708311102926604,102926604,MadeFreeThrow,Asa Newell missed Free Throw.,54,66,2nd Half,7:33,False,61,2025-01-08T01:52:43Z
401708311102926605,102926605,Offensive Rebound,Georgia Offensive Rebound.,54,66,2nd Half,7:33,False,61,2025-01-08T01:52:43Z
401708311102926606,102926606,MadeFreeThrow,Asa Newell missed Free Throw.,54,66,2nd Half,7:33,False,61,2025-01-08T01:52:43Z
401708311102926901,102926901,Defensive Rebound,Koby Brea Defensive Rebound.,54,66,2nd Half,7:30,False,96,2025-01-08T01:56:01Z
401708311102929501,102929501,JumpShot,Jaxson Robinson made Three Point Jumper.,57,66,2nd Half,7:04,True,96,2025-01-08T01:56:26Z
401708311102935601,102935601,PersonalFoul,Foul on Somto Cyril.,57,66,2nd Half,6:43,False,61,2025-01-08T01:58:07Z
401708311102935602,102935602,Lost Ball Turnover,Somto Cyril Turnover.,57,66,2nd Half,6:43,False,61,2025-01-08T01:58:07Z
401708311102936601,102936601,Lost Ball Turnover,Kentucky  Turnover.,57,66,2nd Half,6:33,False,96,2025-01-08T01:58:07Z
401708311102938501,102938501,JumpShot,Silas Demary Jr. made Three Point Jumper. Assisted by Asa Newell.,57,69,2nd Half,6:14,True,61,2025-01-08T01:58:07Z
401708311102944001,102944001,LayUpShot,Lamont Butler missed Layup.,57,69,2nd Half,5:59,False,96,2025-01-08T02:01:14Z
401708311102944002,102944002,Block Shot,De'Shayne Montgomery Block.,57,69,2nd Half,5:59,False,61,2025-01-08T02:01:14Z
401708311102944003,102944003,Defensive Rebound,Georgia Defensive Rebound.,57,69,2nd Half,5:59,False,61,2025-01-08T02:01:14Z
401708311102944901,102944901,JumpShot,Asa Newell missed Three Point Jumper.,57,69,2nd Half,5:50,False,61,2025-01-08T02:01:43Z
401708311102945101,102945101,Defensive Rebound,Brandon Garrison Defensive Rebound.,57,69,2nd Half,5:48,False,96,2025-01-08T02:01:43Z
401708311102946401,102946401,DunkShot,Brandon Garrison made Dunk. Assisted by Lamont Butler.,59,69,2nd Half,5:35,True,96,2025-01-08T02:01:48Z
401708311102948001,102948001,PersonalFoul,Foul on Jaxson Robinson.,59,69,2nd Half,5:19,False,96,2025-01-08T02:02:03Z
401708311102948002,102948002,MadeFreeThrow,De'Shayne Montgomery made Free Throw.,59,70,2nd Half,5:19,True,61,2025-01-08T02:02:03Z
401708311102948003,102948003,MadeFreeThrow,De'Shayne Montgomery missed Free Throw.,59,70,2nd Half,5:19,False,61,2025-01-08T02:02:03Z
401708311102948201,102948201,Defensive Rebound,Brandon Garrison Defensive Rebound.,59,70,2nd Half,5:17,False,96,2025-01-08T02:03:27Z
401708311102948901,102948901,Lost Ball Turnover,Lamont Butler Turnover.,59,70,2nd Half,5:10,False,96,2025-01-08T02:03:49Z
401708311102954401,102954401,JumpShot,Dakota Leffew missed Three Point Jumper.,59,70,2nd Half,4:55,False,61,2025-01-08T02:03:56Z
401708311102954701,102954701,Defensive Rebound,Otega Oweh Defensive Rebound.,59,70,2nd Half,4:52,False,96,2025-01-08T02:03:56Z
401708311102957301,102957301,JumpShot,Lamont Butler missed Jumper.,59,70,2nd Half,4:26,False,96,2025-01-08T02:04:25Z
401708311102957601,102957601,Defensive Rebound,Asa Newell Defensive Rebound.,59,70,2nd Half,4:23,False,61,2025-01-08T02:04:31Z
401708311102957801,102957801,PersonalFoul,Foul on Lamont Butler.,59,70,2nd Half,4:21,False,96,2025-01-08T02:04:31Z
401708311102957802,102957802,MadeFreeThrow,Asa Newell made Free Throw.,59,71,2nd Half,4:21,True,61,2025-01-08T02:04:31Z
401708311102957803,102957803,MadeFreeThrow,Asa Newell made Free Throw.,59,72,2nd Half,4:21,True,61,2025-01-08T02:04:31Z
401708311102957804,102957804,OfficialTVTimeOut, Official TV Timeout,59,72,2nd Half,4:21,False,,2025-01-08T02:05:59Z
401708311102957805,102957805,ShortTimeOut,Georgia  Timeout,59,72,2nd Half,4:21,False,61,2025-01-08T02:05:59Z
401708311102959401,102959401,JumpShot,Koby Brea made Three Point Jumper. Assisted by Lamont Butler.,62,72,2nd Half,4:05,True,96,2025-01-08T02:10:48Z
401708311102965801,102965801,PersonalFoul,Foul on Otega Oweh.,62,72,2nd Half,3:41,False,96,2025-01-08T02:10:48Z
401708311102965802,102965802,MadeFreeThrow,Asa Newell made Free Throw.,62,73,2nd Half,3:41,True,61,2025-01-08T02:10:48Z
401708311102965803,102965803,MadeFreeThrow,Asa Newell missed Free Throw.,62,73,2nd Half,3:41,False,61,2025-01-08T02:10:48Z
401708311102966001,102966001,Defensive Rebound,Otega Oweh Defensive Rebound.,62,73,2nd Half,3:39,False,96,2025-01-08T02:11:15Z
401708311102967601,102967601,LayUpShot,Otega Oweh missed Layup.,62,73,2nd Half,3:23,False,96,2025-01-08T02:11:38Z
401708311102967602,102967602,Block Shot,Silas Demary Jr. Block.,62,73,2nd Half,3:23,False,61,2025-01-08T02:11:38Z
401708311102967603,102967603,Offensive Rebound,Kentucky Offensive Rebound.,62,73,2nd Half,3:23,False,96,2025-01-08T02:11:38Z
401708311102967701,102967701,JumpShot,Koby Brea missed Three Point Jumper.,62,73,2nd Half,3:22,False,96,2025-01-08T02:11:38Z
401708311102968001,102968001,Defensive Rebound,Somto Cyril Defensive Rebound.,62,73,2nd Half,3:19,False,61,2025-01-08T02:12:24Z
401708311102975001,102975001,JumpShot,Dakota Leffew made Jumper.,62,75,2nd Half,2:49,True,61,2025-01-08T02:12:47Z
401708311102976001,102976001,PersonalFoul,Foul on Somto Cyril.,62,75,2nd Half,2:39,False,61,2025-01-08T02:12:57Z
401708311102976002,102976002,MadeFreeThrow,Otega Oweh made Free Throw.,63,75,2nd Half,2:39,True,96,2025-01-08T02:13:11Z
401708311102976003,102976003,MadeFreeThrow,Otega Oweh made Free Throw.,64,75,2nd Half,2:39,True,96,2025-01-08T02:13:11Z
401708311102977501,102977501,LayUpShot,De'Shayne Montgomery missed Layup.,64,75,2nd Half,2:24,False,61,2025-01-08T02:15:23Z
401708311102977502,102977502,Offensive Rebound,Asa Newell Offensive Rebound.,64,75,2nd Half,2:24,False,61,2025-01-08T02:15:23Z
401708311102977503,102977503,LayUpShot,Asa Newell made Layup.,64,77,2nd Half,2:24,True,61,2025-01-08T02:15:23Z
401708311102978401,102978401,PersonalFoul,Foul on Blue Cain.,64,77,2nd Half,2:15,False,61,2025-01-08T02:15:23Z
401708311102978402,102978402,MadeFreeThrow,Jaxson Robinson made Free Throw.,65,77,2nd Half,2:15,True,96,2025-01-08T02:15:23Z
401708311102978403,102978403,MadeFreeThrow,Jaxson Robinson made Free Throw.,66,77,2nd Half,2:15,True,96,2025-01-08T02:15:23Z
401708311102984901,102984901,Lost Ball Turnover,Dakota Leffew Turnover.,66,77,2nd Half,1:50,False,61,2025-01-08T02:18:10Z
401708311102984902,102984902,Steal,Brandon Garrison Steal.,66,77,2nd Half,1:50,False,96,2025-01-08T02:18:10Z
401708311102985301,102985301,Lost Ball Turnover,Brandon Garrison Turnover.,66,77,2nd Half,1:46,False,96,2025-01-08T02:18:10Z
401708311102985302,102985302,Steal,RJ Godfrey Steal.,66,77,2nd Half,1:46,False,61,2025-01-08T02:18:10Z
401708311102986001,102986001,Lost Ball Turnover,Silas Demary Jr. Turnover.,66,77,2nd Half,1:39,False,61,2025-01-08T02:18:10Z
401708311102986002,102986002,Steal,Otega Oweh Steal.,66,77,2nd Half,1:39,False,96,2025-01-08T02:18:10Z
401708311102986201,102986201,PersonalFoul,Foul on Asa Newell.,66,77,2nd Half,1:37,False,61,2025-01-08T02:18:10Z
401708311102986202,102986202,MadeFreeThrow,Otega Oweh missed Free Throw.,66,77,2nd Half,1:37,False,96,2025-01-08T02:18:10Z
401708311102986203,102986203,Offensive Rebound,Kentucky Offensive Rebound.,66,77,2nd Half,1:37,False,96,2025-01-08T02:18:10Z
401708311102986204,102986204,MadeFreeThrow,Otega Oweh missed Free Throw.,66,77,2nd Half,1:37,False,96,2025-01-08T02:18:10Z
401708311102986401,102986401,Defensive Rebound,Asa Newell Defensive Rebound.,66,77,2nd Half,1:35,False,61,2025-01-08T02:20:12Z
401708311102988501,102988501,PersonalFoul,Foul on Brandon Garrison.,66,77,2nd Half,1:14,False,96,2025-01-08T02:20:36Z
401708311102988502,102988502,MadeFreeThrow,Dakota Leffew made Free Throw.,66,78,2nd Half,1:14,True,61,2025-01-08T02:20:36Z
401708311102988503,102988503,MadeFreeThrow,Dakota Leffew made Free Throw.,66,79,2nd Half,1:14,True,61,2025-01-08T02:20:36Z
401708311102989101,102989101,JumpShot,Lamont Butler missed Three Point Jumper.,66,79,2nd Half,1:08,False,96,2025-01-08T02:21:53Z
401708311102989401,102989401,Offensive Rebound,Otega Oweh Offensive Rebound.,66,79,2nd Half,1:05,False,96,2025-01-08T02:21:53Z
401708311102989601,102989601,LayUpShot,Otega Oweh missed Layup.,66,79,2nd Half,1:03,False,96,2025-01-08T02:21:53Z
401708311102989602,102989602,Defensive Rebound,Georgia Defensive Rebound.,66,79,2nd Half,1:03,False,61,2025-01-08T02:21:53Z
401708311102994601,102994601,Lost Ball Turnover,Georgia  Turnover.,66,79,2nd Half,0:53,False,61,2025-01-08T02:24:20Z
401708311102994602,102994602,ShortTimeOut,Kentucky  Timeout,66,79,2nd Half,0:53,False,96,2025-01-08T02:24:20Z
401708311102995101,102995101,PersonalFoul,Foul on Dakota Leffew.,66,79,2nd Half,0:48,False,61,2025-01-08T02:26:19Z
401708311102995102,102995102,MadeFreeThrow,Otega Oweh made Free Throw.,67,79,2nd Half,0:48,True,96,2025-01-08T02:26:19Z
401708311102995103,102995103,MadeFreeThrow,Otega Oweh made Free Throw.,68,79,2nd Half,0:48,True,96,2025-01-08T02:26:19Z
401708311102995601,102995601,PersonalFoul,Foul on Koby Brea.,68,79,2nd Half,0:43,False,96,2025-01-08T02:27:13Z
401708311102995602,102995602,MadeFreeThrow,Dakota Leffew made Free Throw.,68,80,2nd Half,0:43,True,61,2025-01-08T02:27:13Z
401708311102995603,102995603,MadeFreeThrow,Dakota Leffew made Free Throw.,68,81,2nd Half,0:43,True,61,2025-01-08T02:27:13Z
401708311102996401,102996401,JumpShot,Koby Brea missed Three Point Jumper.,68,81,2nd Half,0:35,False,96,2025-01-08T02:28:34Z
401708311102996501,102996501,Defensive Rebound,Georgia Defensive Rebound.,68,81,2nd Half,0:34,False,61,2025-01-08T02:28:34Z
401708311102997101,102997101,PersonalFoul,Foul on Jaxson Robinson.,68,81,2nd Half,0:28,False,96,2025-01-08T02:29:52Z
401708311102997102,102997102,MadeFreeThrow,Blue Cain made Free Throw.,68,82,2nd Half,0:28,True,61,2025-01-08T02:29:52Z
401708311102997103,102997103,Lost Ball Turnover,Blue Cain Turnover.,68,82,2nd Half,0:28,False,61,2025-01-08T02:29:52Z
401708311102998001,102998001,JumpShot,Koby Brea missed Three Point Jumper.,68,82,2nd Half,0:19,False,96,2025-01-08T02:32:07Z
401708311102998401,102998401,Offensive Rebound,Kentucky Offensive Rebound.,68,82,2nd Half,0:15,False,96,2025-01-08T02:32:17Z
401708311102998402,102998402,PersonalFoul,Foul on Silas Demary Jr..,68,82,2nd Half,0:15,False,61,2025-01-08T02:32:17Z
401708311102998403,102998403,MadeFreeThrow,Lamont Butler made Free Throw.,69,82,2nd Half,0:15,True,96,2025-01-08T02:32:17Z
401708311102998404,102998404,MadeFreeThrow,Lamont Butler missed Free Throw.,69,82,2nd Half,0:15,False,96,2025-01-08T02:32:17Z
401708311102998501,102998501,Defensive Rebound,Blue Cain Defensive Rebound.,69,82,2nd Half,0:14,False,61,2025-01-08T02:33:02Z
401708311102999901,102999901,End Period,End of 2nd half,69,82,2nd Half,0:00,False,,2025-01-08T02:33:02Z
401708311102999902,102999902,End Game,End of Game,69,82,2nd Half,0:00,False,,2025-01-08T02:33:02Z
